-223
10
891
-341
-60
420
-96
-314
-1721
484
884
-1368
-100
921
-255
858
-1161
-961
-1087
-1312
993
542
-2125
-312
501
-737
-1040
-1757
-602
-444
-1939
39
-316
-3157
-960
-1034
95
-633
73
1374
-469
-1071
-612
-763
2086
-1256
556
-160
-2
-143
889
95
140
-788
-417
347
-3058
48
2011
-50
243
1456
962
1402
-1226
-808
445
-1795
-791
-772
-1369
447
-1928
-2327
-1838
-978
2894
2147
488
-358
-408
-1034
213
1852
1665
617
849
1293
-1098
-1759
1077
-3050
-615
-1148
-439
984
-1055
-708
131
1024
1505
299
350
-311
-1610
626
1201
1764
-310
1330
-420
-1568
-2358
-693
1627
1381
287
743
-1317
1086
-1140
2533
1966
1420
-17
-46
-1177
-740
90
1575
185
-800
-826
984
-3083
636
-636
1562
-562
-1159
-880
335
445
890
2818
876
-103
-1340
343
-1578
-48
1404
2287
156
286
-371
1821
-888
1686
2101
356
-28
-187
-718
2260
-446
901
265
1151
-287
-1416
-2325
1151
1829
807
1482
287
-730
1859
1287
1598
1245
-569
707
-957
-1714
-3063
-404
2647
1430
819
400
1613
1094
2416
1376
185
-975
-564
-153
850
-413
-328
200
1949
-1502
-765
-20
-688
-1296
-1066
2131
-275
-2171
-724
333
-2463
-117
1617
181
753
-1058
-970
189
-1190
1768
3001
1663
-1246
-784
-13
248
-1894
-376
930
270
195
122
-398
530
119
1866
1948
-203
444
2383
938
-259
1816
-558
-69
-252
-1060
-126
-2318
-2845
1269
1897
213
429
2140
-849
136
1176
1572
2951
-467
-698
472
-2052
-1641
-484
-284
853
-1870
264
-1067
399
-819
1523
-974
-1128
1334
1079
1008
198
-1288
760
-545
431
1895
-1086
-3900
356
-839
-1144
965
48
1455
-678
-943
-869
751
-1066
-566
-1657
-2833
-1354
1689
1321
3268
-1371
896
2117
593
-943
813
-1618
-562
736
303
-1178
-2006
82
768
-207
428
919
329
16
-692
-1146
411
381
637
2975
-1669
-1493
-2339
603
-1789
-245
1723
35
27
477
1868
833
1433
2924
1900
381
-672
1694
-1921
1220
-687
-1299
-2083
-1515
-638
203
-2626
-670
3273
476
303
448
1597
-1182
-959
258
-821
-1223
607
1125
-880
-1910
-1562
-155
807
1235
2000
494
-926
1641
770
1870
1147
3
2253
-665
983
-1159
-68
-2909
-1899
83
731
-1380
-1028
-690
-1194
713
956
2412
3397
509
396
-669
-14
-1036
2385
-571
-747
-1670
-81
701
211
-206
-248
1889
-67
-215
-325
2103
1907
2174
901
-31
-518
268
-36
1121
-811
-677
-926
-319
-1926
772
-1556
-20
-468
704
726
-333
-1046
307
179
1712
178
2665
90
-1171
2104
111
1826
-1203
173
-2384
-2530
-2546
-960
767
597
-540
566
197
1170
1473
3312
1856
839
2501
-396
-1894
-2509
750
852
-1268
-50
677
123
207
1323
1038
-1160
345
-1052
2578
-953
263
243
-506
-348
333
376
1384
-1250
-1874
-437
-609
285
1706
861
-1049
-871
-1576
1318
-486
-833
-2083
1393
-859
50
286
1386
-528
138
395
-322
-315
-834
-735
-766
-1773
-225
1361
871
1101
-1136
-785
-985
486
798
1301
1128
-643
-1126
-109
46
-987
-886
86
-1645
-1759
873
755
1561
1128
1105
2036
-2014
-305
1255
-1394
-2384
-2152
151
-597
455
844
842
237
853
2241
2710
-603
698
95
-838
-2067
1658
1768
680
-976
-1067
603
-1835
-1152
-753
-572
-1072
-963
1103
174
-1571
434
519
-713
-1083
718
-553
-1113
-834
-2569
-356
-1300
-939
1308
-578
1016
1625
1233
-384
-120
1450
987
1670
-214
-1156
-407
-1224
411
-313
701
-875
-1345
-181
-1854
-586
-222
1395
109
-1212
-268
-2265
-1099
-2475
453
320
-1425
-1333
-732
-1881
-2735
-3999
-662
884
1886
-492
559
234
-2252
799
1504
627
-697
-559
-669
-2077
-2276
1573
-405
1128
-446
-250
-239
250
861
685
951
-1329
1122
2927
1586
-337
-332
2540
1121
-161
1535
-105
-1480
-444
-944
658
1069
-215
1669
433
1458
129
-493
848
-1106
-625
-242
268
-865
1821
-280
-2154
-2286
-418
1521
646
794
4354
-884
62
433
952
764
321
1822
-710
174
-2507
-1490
-1584
-1596
-226
626
1732
-326
-580
293
-461
3709
2318
2490
1391
-1139
571
-1939
-1103
10
-1549
124
-776
-1247
-2777
1347
1142
880
1926
468
979
-807
-1239
-342
-75
-73
826
-886
805
-1175
1713
306
1968
2280
2178
2671
752
1077
-946
-1142
-123
-712
686
-264
386
-3141
1951
2394
2235
1896
2200
1949
1627
2213
1760
-265
-1299
1001
712
-852
-1460
1899
-663
982
-732
-932
-257
18
834
2811
959
-1741
498
947
-1146
679
268
187
-586
-131
932
231
1348
1226
-949
442
2183
85
-41
-1700
-805
-2239
327
2332
950
12
1930
685
-215
-1016
771
1318
-893
769
314
-3116
-2941
563
246
537
600
-1204
21
-1130
70
2590
1070
831
222
-1117
81
-1092
-508
514
-199
-726
1771
2354
-64
1276
1019
711
3255
814
2097
1054
-2233
-1560
-5
2008
-1013
920
-1546
-1120
-955
-393
1231
106
-250
1621
1530
591
-628
641
621
-1551
-1789
-204
520
-861
2354
2081
-573
1661
-200
2720
803
348
2491
2225
862
1550
2498
-586
344
202
613
2267
819
172
1402
-1731
1238
3233
1371
121
-1346
-112
536
-904
2442
1938
25
1023
1107
-61
832
2356
-486
309
-1419
-1054
975
2
-796
-717
-358
1155
1592
689
792
362
-30
1098
716
267
486
916
-98
310
-433
213
592
1783
570
-31
-2884
-1280
1023
1096
1777
-1259
-865
-1688
-548
-65
3854
-55
-523
1430
699
382
294
-1166
639
-832
-311
-1109
-1119
-762
-805
-1720
-1077
-1016
1132
1371
1708
681
1471
3449
1944
2253
-1156
-302
-3046
-1830
-1033
-995
1
556
-719
-1004
-2121
73
1700
2644
656
1736
106
-269
112
775
-1191
-1810
-2790
-429
-3059
-525
-1395
-1205
777
-2591
-217
796
2829
-1225
1166
1629
755
-818
-58
-603
259
-2175
-1975
425
-937
1051
-1414
1403
-1887
1340
588
1422
1087
-902
2255
1266
722
-97
914
-625
562
-906
-2113
-872
-1575
-1843
222
-603
-610
-1559
655
3057
-1777
3557
1405
33
2394
-1335
955
-2114
250
-1444
-1198
-2049
-846
-1707
-2037
-761
1016
148
2496
4059
2316
1301
-911
329
-1732
1072
-207
-1241
-2225
-1543
-2274
-2574
669
-257
1170
-33
-1988
-1252
1116
639
2330
2307
569
-26
-729
-701
-3296
-2801
-3916
-211
-1092
-1424
-166
-96
2307
1169
-293
3326
1276
-84
-1201
167
-1479
-880
611
-834
-2008
-2230
1114
-179
-2872
273
1699
243
729
1076
-1171
739
946
1738
190
-1710
-1659
-461
-53
776
3
496
1985
896
857
551
1273
117
1399
-305
301
-566
88
874
932
-1083
267
257
-102
436
-735
-531
-2191
192
116
710
-1203
-1255
-927
-2838
-188
1311
423
-396
-349
-1571
-2706
-1326
1722
2481
-1048
-2359
-173
-2088
-1415
1053
801
-484
475
434
35
-1423
-2214
-879
412
-837
2261
-603
1022
-961
-2431
710
-68
-257
280
1039
-1189
-1921
-278
739
405
-690
-157
3111
-2180
506
-406
905
-1517
-372
-1129
149
-382
-2086
-1092
1315
-2455
255
1394
-353
-1580
418
1807
-28
1336
710
2532
-1725
1736
442
-316
857
1330
171
1854
-1464
516
-730
661
-200
-35
1701
2059
1106
-449
-967
755
-368
673
-410
938
-2068
-2336
-684
-1527
-1283
-1583
1524
-945
-1971
698
2159
-12
1511
2020
159
-1038
720
-965
475
-1420
686
1015
-1401
-518
-2270
-1524
-904
218
1190
1810
930
-3059
-1292
753
-552
618
1556
-686
-580
-3727
-2485
-1106
-1692
-62
533
-1257
-3077
-744
-1278
-422
-277
-102
372
-1229
-718
530
631
397
645
233
-2180
-2288
-1323
-3200
-1987
-3059
1815
-1382
-2317
1261
-859
199
-270
-529
-1880
-925
-327
-515
-315
-2246
-497
147
-1366
-735
262
-997
418
1020
-56
-1603
137
67
-2187
-1480
-524
550
-1744
-1391
-368
-158
325
1168
441
-690
-372
-559
878
487
385
-648
-2466
-3081
580
-293
-151
2167
386
444
686
1599
1756
102
1202
2031
2001
53
804
-256
-3248
-1120
-1356
-935
173
-50
-139
-813
-952
3549
1418
1174
1889
1013
1326
-162
517
-618
-874
-2601
-2722
-1757
-3480
-2221
-932
-828
572
2913
1422
1272
89
-286
1583
327
1336
996
-2429
-2805
-961
-3845
-1561
346
1106
2315
-726
-1139
-903
150
-360
-370
-154
-435
471
-2587
-67
102
-2128
2161
-597
-194
883
-812
-33
-170
-707
1282
371
527
-1295
531
-701
1842
2065
415
2069
-1292
633
306
1236
1591
3477
-143
-399
-799
-2416
-935
220
-2188
-132
551
629
1728
847
443
404
-1931
-27
-94
-1230
959
1252
-2094
-1291
-302
-566
2321
-655
-1067
100
-1437
73
717
-108
578
-1255
1233
-75
1356
-17
1207
-1034
-1318
231
164
359
902
-216
-502
1885
-42
2840
1070
153
-614
1496
759
2494
3238
2620
908
-1911
-173
2202
769
1344
1382
-865
-162
1135
312
1724
1801
-1258
1219
-371
521
1806
438
1110
709
1335
1972
1201
1549
-1690
-1982
-1533
320
-486
-954
-158
-488
347
1681
-837
2516
668
630
-1440
-1851
-37
-441
-346
-1283
-481
-590
158
-123
2394
1688
868
1597
50
485
1032
-516
-20
-2636
-241
268
296
2618
342
-1
1349
350
611
1722
1717
692
-306
-450
-468
-3450
-542
-792
-705
124
-401
-439
-1022
-108
1056
2746
1874
2528
1356
1955
646
-1051
-389
31
-4
-708
-59
-2751
-308
-106
-254
1404
1366
2514
1239
-1529
-66
-1857
758
2720
-907
-1850
-2334
-1760
-1911
829
-132
412
1466
291
1218
156
1939
1824
903
785
184
1540
1580
820
823
1535
-1931
-754
1976
1172
-1209
-1169
-568
-1149
65
1077
1656
-861
-292
55
1150
523
-609
-422
-2097
-1662
714
-2637
2403
32
-1848
12
-2218
1039
744
736
1105
957
-1576
-1433
160
1245
1805
715
589
-1050
-1116
557
-2017
-2796
176
-186
1044
1134
-1400
454
-196
913
-1361
-830
-34
697
-647
-918
-3164
88
2008
1896
317
-960
-1268
1817
159
-113
657
-1092
29
-1485
-392
1459
593
1777
2054
-1121
23
1034
722
-658
-851
811
-1640
823
938
-740
-860
-768
1950
-1613
1360
-1753
775
-218
-1313
775
56
-1105
-2426
-1179
-907
501
503
747
-399
-2027
220
942
569
2076
1898
-1043
-218
-336
-869
-2107
-1934
-2055
-1387
-502
502
-532
718
51
-1339
-816
-659
-208
-1527
1263
-1505
-1130
-227
55
-1865
-1785
-1516
-2766
-1117
1424
-50
1217
40
45
-923
1176
1760
1121
-1417
1897
-525
-612
1404
-222
1319
-60
417
-949
1029
492
421
-2512
-498
-912
-1809
21
1155
-966
200
400
-262
-1055
-1680
-998
-2717
-1974
1287
-179
941
-1259
82
-769
-1940
-1050
1356
3346
1012
2518
2436
546
-496
833
871
-247
319
3085
2516
402
515
188
728
-454
2312
-668
482
858
24
-5
-700
-651
-1430
-841
-1226
12
550
420
-677
1357
166
506
-473
301
-843
-1816
-430
14
2249
-1004
-175
1924
-1090
-771
647
1162
1149
1263
1931
249
-2801
-604
51
-291
-124
2608
924
-2488
-342
-2097
-588
-683
2774
1329
1256
-853
146
-429
-2310
-179
-1462
-792
-142
-654
-1158
-29
-2872
1201
374
635
-1720
-1517
-1809
-2404
113
237
1959
1772
-1617
-2592
-399
-480
-105
680
1528
-1558
-1105
579
-228
1096
321
2892
-444
522
482
-1404
581
-505
1129
699
1924
492
1460
-916
-1856
563
-1439
1222
712
-601
-2082
-1352
-665
-966
-42
502
279
-1018
-2007
-1130
392
-2637
-1175
821
-47
1706
2085
-245
1055
538
454
935
485
-1185
-270
-1097
-1270
-1565
-105
-482
-455
-762
-909
-1175
-1258
326
1682
2298
28
1809
-977
-1062
-2733
736
-1205
867
449
-2019
-1074
-3170
-901
-1441
1703
2513
2548
1174
868
130
360
1737
1255
673
762
-2190
-870
-1823
-67
1811
397
-778
729
-1994
-1045
-1095
-356
-808
736
-783
1380
-758
-3639
2148
-491
1243
-1335
405
-1837
-2385
-427
-10
-1123
1541
-147
-245
-618
-550
-425
-319
1650
1985
274
-928
-1953
-719
-803
513
-1386
-848
-2215
-2064
-1520
-1249
1598
-1959
1395
2783
-2281
40
-1081
-774
-1196
-1163
367
651
133
-1449
-87
-2226
516
1185
-205
2092
-1792
-340
1783
-1014
1206
-285
-1802
-669
-1897
-1512
-782
-1269
-1106
-681
-1364
-1203
2077
-1437
-1441
-538
-1974
-1335
-807
-1326
-135
-784
-1614
-735
-498
-2753
44
-303
-1651
-90
1053
841
-1026
295
890
-1297
-920
2002
468
-757
-644
-480
116
1604
686
2147
-1352
-2458
-1698
1222
100
-14
315
78
-159
-896
-75
1852
-674
481
1622
426
116
-439
1579
-601
-1777
-730
1302
-177
-2057
-1343
-1777
227
909
2037
2118
-3202
2333
2519
965
713
670
385
376
404
-664
-4
168
-1235
-605
-417
-2773
-5
-1709
2297
-1136
2607
-660
687
663
819
2314
-191
1138
152
168
-122
-1888
-1779
620
-476
-1073
-1482
211
252
471
-1350
907
1150
2624
571
-1157
-1463
288
-578
803
-3391
-1790
-1707
1005
460
-168
-782
482
458
1295
-812
-147
1038
-1187
19
-171
-1507
-1211
1415
-1907
-1089
-2569
-25
-472
-610
835
2138
1953
469
631
-195
-2056
-565
-709
-155
292
507
224
-4318
-254
363
-185
-713
249
1810
-1140
536
1160
180
137
1658
423
-755
-904
-603
781
-2332
-1541
-3039
-620
278
-475
277
2795
1913
3018
911
867
191
-1616
1539
-1287
1847
-467
1263
612
-1096
383
713
1350
-662
-261
1136
1907
-1374
2231
1637
-85
1407
569
-439
-2923
336
2409
2452
-366
308
-198
-839
-475
-962
505
-447
-769
-1421
-197
-2791
66
732
1796
1587
231
1569
2698
-2289
-1534
443
-994
936
-1038
75
-755
-414
-371
-401
-564
-213
-1870
1199
-331
322
289
977
1331
-160
451
560
-2269
-1458
-273
-972
435
2368
287
522
116
259
2024
-279
2874
-88
1
1012
733
-1491
2383
185
558
1611
1347
-883
951
-1561
-321
274
-1670
-590
720
1673
-382
-177
31
-1470
-453
1107
-391
-562
-1282
286
2069
1959
269
2498
831
-944
-71
516
-436
-418
-669
1843
-3134
869
-402
1177
-1454
-1518
1659
-1060
-42
909
-9
-2883
-666
1255
700
-544
539
436
666
-145
-237
-700
47
61
2360
661
443
-1206
1695
770
1433
376
-1135
-1103
-418
-839
622
-559
-426
-325
1081
-409
-423
751
115
-429
-792
2185
-610
760
-882
-711
-537
-899
2995
-407
-1509
1281
-1891
-634
-1181
1842
1557
921
280
1034
1391
402
-1051
1810
492
780
252
-1432
428
-513
1269
-15
-1835
-864
107
1319
103
-1056
-1795
-477
1197
119
747
689
-644
793
38
-725
-2288
-430
-1605
-2522
-1948
-1254
1559
664
1800
-1158
632
129
-924
885
1756
-79
1612
1473
-973
-121
711
-1457
-2962
134
797
-257
140
458
1176
988
1879
94
1263
-172
-96
-2116
-1571
-2515
-1404
-282
-1286
361
-2125
1395
1076
124
1798
414
-1519
819
-205
532
343
-359
-327
-927
-1009
-410
-1608
-371
381
-1298
-128
1894
1394
1311
1432
-1720
-1038
-1929
-2248
1444
186
209
370
1168
-535
515
1310
1882
2677
-920
2040
-955
-1889
1303
252
416
-1281
156
196
-1697
-877
1283
222
-808
-936
1108
-1343
1
-1062
-833
-813
1414
367
-639
-1734
-802
-85
-1372
3657
738
-141
-2322
-527
-946
57
-774
648
873
-1229
-1714
748
-537
620
947
-72
-1816
-850
-454
1679
-157
-624
-572
-1894
683
537
900
2069
-1054
203
2143
-1242
1465
543
-235
351
257
-46
2633
732
1215
-892
-590
-1368
402
499
2492
109
-1932
1915
-651
-1025
-1105
-2491
-1779
-256
507
763
-223
-1229
1013
-363
169
655
-754
12
1140
-1678
-1012
-547
-1235
-465
1047
-885
-1154
-55
-902
37
-33
489
111
-418
-1638
481
-838
-1933
-1492
-1701
-875
-899
-759
-97
-1829
-1128
1529
1604
-827
1574
1618
-2236
-7
2148
212
1579
86
-406
-257
-323
-1198
-1491
-1680
-1426
-501
-1554
1685
-1964
-819
1037
51
278
-437
383
1972
-452
-1395
496
1948
1012
941
2297
-1366
59
-83
-931
-1495
-794
356
-2141
-1702
-1570
1036
102
-790
-430
-2343
-1932
2845
2069
1182
958
982
1296
1889
197
-1060
-1198
-420
697
103
2078
-813
83
2769
1876
1682
2150
1557
31
-853
511
813
-569
-1441
1031
-923
-1283
-2800
138
152
-925
-2423
-44
388
1436
1222
735
999
-212
875
-1264
-520
-1981
-932
-900
439
90
1815
2015
-644
-514
-467
1036
1384
-1168
40
-1031
-1885
724
-1619
-397
777
-1534
-100
-2023
-109
-377
-1222
-1189
-664
-415
-224
1958
561
-743
-913
309
-1259
124
-303
-2349
-1690
-1143
-2035
320
-581
-326
1174
-2112
-224
-1031
170
481
1368
-704
1614
1525
-1510
-341
-1910
-636
-821
-1114
1924
-493
-3026
-85
1484
2928
935
1132
2744
-187
-320
2292
1198
-2695
12
3380
-221
-1424
-16
-165
-1374
364
762
553
-556
-224
509
-2787
202
494
488
-155
-864
-782
-2214
-1346
503
84
-1314
508
1555
635
1210
314
1481
854
-541
456
165
-1544
194
886
-2861
-943
1733
-731
315
1124
-949
602
-1547
-925
70
593
-1749
358
-1204
-635
-2571
-3818
1104
-969
-331
1580
-1
-2137
-1108
847
2568
-679
-682
442
1328
-1508
133
445
-2048
876
-1175
-882
-243
-919
1018
215
689
-1088
2931
-588
-586
-331
-1110
777
350
-979
-831
-48
-1599
994
-2458
940
-1514
50
-629
335
-714
1658
1113
-645
734
-1091
2650
-107
-444
1406
-1934
-883
-617
-470
-1280
-1578
217
-655
-1353
-159
-232
1424
-297
-556
1743
1107
1019
-552
-209
-1063
2236
-691
229
-1912
1129
25
-1118
2265
1981
362
-817
587
-1781
607
-934
1511
686
-16
1330
513
1008
88
920
-1677
294
-975
-337
-52
-472
1252
-1357
1386
1068
-7
-472
281
562
106
-935
2961
1635
-191
138
-1301
-2021
274
503
808
-388
-930
436
-2706
2335
1312
485
705
1442
-56
-2581
-1711
285
-649
-1008
1251
581
913
304
-184
2149
628
1976
1774
1061
-1531
581
-612
665
-1069
-858
806
-1919
-855
-1370
-762
1349
1045
1044
2723
732
-1391
531
386
-651
-1210
-767
-262
-1996
-1268
1214
-26
-403
-1469
1398
2450
1212
1019
2874
112
-1702
-2047
2266
139
-2623
-826
-158
1332
-1898
1480
1629
1398
-640
1501
782
-829
1184
-1334
30
-1897
-588
2451
-759
-2955
818
1028
-2841
-418
1319
2146
-1065
1299
1893
-1331
-571
2247
-399
-1375
47
-1271
406
-637
-1683
227
1208
-204
-838
184
-263
1540
20
-166
-1751
1501
801
2249
-799
1374
-216
-1002
1552
924
-304
87
988
-555
-1833
-309
5
-177
-1483
-1661
-948
-2056
1430
2736
-43
219
47
-914
914
520
389
-459
-2944
-1670
1224
-2533
-643
-444
-944
-2341
-594
-593
607
342
635
1089
295
-78
1408
-58
-547
-1591
-2694
-161
-1596
-881
-1855
-670
138
173
-673
1925
2354
-1181
-476
979
817
-142
2263
1797
-44
-484
-1762
-17
-1768
-562
688
-1110
-3161
958
1415
493
-640
656
938
-297
1821
2301
1357
-1226
1424
-1068
1256
-455
1689
2621
1137
-1158
1135
-216
-1109
1140
-264
-372
1218
-353
-514
478
-1569
-836
-804
-1729
381
508
721
831
-791
-2328
-351
-538
-113
-1003
-364
-1141
-2030
-270
-1167
745
386
1687
-760
-226
-407
-1151
-432
-554
-497
-2028
-677
-2645
-384
-1466
-2154
1613
473
180
1027
-363
-1355
-1532
249
-361
-1512
69
-1440
-2249
-4323
-539
-1387
-480
-725
1006
-1688
-1369
-588
1818
1482
316
164
-2282
-917
-1692
-1183
488
-1370
-90
-1329
-186
-518
1270
396
-242
-305
-512
483
-1019
826
-3091
1269
54
223
-48
1846
1056
-135
-427
601
-62
-240
1463
-2172
-2338
-827
761
1490
1314
-451
-1171
-252
-1132
1090
-674
53
396
-461
1647
323
-281
132
948
-951
-1995
-38
2363
385
-844
-130
-2045
-778
275
1347
-343
-986
-1899
-1318
-876
-162
962
1061
-712
-941
-47
-1094
-987
-360
2168
-843
1047
553
-293
2040
343
1638
265
-926
202
-994
-960
-2299
-359
1469
1296
-387
953
-1355
-1477
792
1062
1908
-596
-204
902
511
-2066
-433
723
-1113
-1056
-157
-1466
-2694
-410
804
775
404
1687
4391
2527
131
137
1650
-724
-736
95
-1480
-2443
-1252
-161
884
-1975
-1203
1062
-3
217
938
975
1727
-410
2561
495
245
1255
-307
-1365
-2426
814
817
2029
-376
-555
-738
479
-576
788
2135
-633
613
570
-1026
-1387
-283
-155
-386
-1017
1619
997
-2557
217
-417
-2399
-657
401
351
814
662
842
2756
-1119
1697
2040
1076
274
-1444
1815
-1699
-2238
400
220
-1839
-1112
285
1394
-1347
1914
2302
815
-155
1761
-875
-1042
-2691
-2828
-2503
-905
-1169
-1253
-593
640
-925
437
1556
3528
3214
1562
673
-1418
-2198
-2127
-1313
-2924
-505
-1326
356
-1251
-1342
-420
275
-1401
2810
2166
-796
1028
-1600
447
-1305
-1727
1884
-1177
-2812
-1449
-929
-1918
2032
3202
996
604
523
-989
-2104
1262
1974
-716
-165
-124
-1592
-2299
-843
1278
-1177
1077
23
-753
744
-1055
1922
-413
-1067
831
1484
-854
-760
-2135
-2242
-1469
296
-209
-1688
-1524
-524
835
236
1702
2238
1751
2342
1226
-113
-285
-210
-137
-1494
-219
-1364
-2454
-1617
-544
-3284
437
-148
10
2052
1146
1293
1210
656
-824
1384
744
-331
1228
-779
-3020
-2475
-737
-47
913
1044
47
-1006
40
2814
1969
904
474
-1813
-1273
1139
-1662
-1228
-949
465
-223
-300
253
971
-231
1293
1230
-294
1041
1501
101
-656
-1081
-3519
795
-456
-709
-554
465
-1181
45
3192
-122
1994
2001
-273
-1188
731
634
-957
-829
-2739
-1648
-1946
-1521
-741
-346
-2044
-598
812
709
1052
1270
1820
-1713
-1141
-22
-1308
-1507
-1598
-2546
-651
-1078
1052
-1029
-1071
-789
-1125
2953
-394
-212
1233
1068
699
1538
-51
1866
-29
-2309
-188
-731
-1716
-2099
-1116
-936
-430
1467
1393
1771
-783
-438
1376
-529
-642
1612
976
-2030
-1012
-1124
1404
-3647
-1628
-975
-375
-378
2390
2528
411
1273
1396
2088
2467
-748
-123
456
-1983
1384
-567
-618
-1289
-148
-1241
-1357
-608
809
211
1188
-162
61
972
2153
-683
-12
-168
-1381
-2384
-203
-82
-2268
-906
815
-1408
-508
1688
1899
906
27
404
-219
1105
-142
641
-476
-1827
-1424
-1936
-1523
-1608
-1794
-355
-1571
-208
1089
2023
-13
582
2009
-813
971
1521
-226
-1265
-527
-963
364
-830
-1227
-1157
842
-1821
-50
674
1169
1861
-877
571
-792
-547
1664
1291
-1801
-1503
-827
-382
989
1829
2426
121
802
1302
2666
-882
962
-1732
-685
-1817
-3023
52
-2813
1521
-1688
242
-1121
656
858
2373
68
138
-167
411
645
239
42
421
-1215
-1359
2201
-1456
780
1328
-39
764
-309
2895
2660
-906
617
-1031
-671
-2225
932
593
-1909
-2682
1195
1116
1709
1268
1174
-1440
-966
-669
774
-1407
-2679
498
-2116
-1772
-591
-1215
1226
-1888
-624
2370
-423
1995
1371
3215
-432
-2291
-2357
136
-1974
-877
-151
-2891
-2784
-3451
1655
2776
1083
2052
419
189
-132
7
2706
-1199
-2363
-121
-823
-2437
-1559
-619
480
-983
-115
286
1487
-1004
-2196
-318
579
1646
-1283
-157
-237
-3400
-2578
-547
877
-246
355
1454
-2670
567
2562
-865
1214
2263
35
13
-1638
584
23
-537
646
-707
-1189
1144
2797
2306
2513
-802
-354
-579
-332
-878
460
-2519
-54
1547
-764
-139
652
-1588
-1446
1500
-303
-953
-955
835
504
-50
684
1105
-2743
-2196
1116
-1620
-679
1210
316
-1913
-109
-327
1030
-643
1130
2119
-73
-224
1058
423
-350
440
1164
1892
99
-257
1904
-2490
613
-873
-1937
-1757
2092
-961
973
1678
136
485
-104
1582
-2026
59
518
1037
-936
876
-1336
-337
-2699
-715
-1999
1038
-622
29
-940
106
1931
1728
90
1654
612
1162
-981
-1011
-476
841
-918
-314
1577
-3777
-433
1282
-164
-1473
85
1080
426
267
256
507
1845
-802
1379
-463
123
-51
-682
908
-3284
-2619
689
-104
-656
-333
2842
184
316
1314
1908
1879
-147
2496
-22
-1846
-697
-185
-1794
358
393
-204
-1203
-2539
-391
19
-738
960
2275
2543
1539
-792
1558
498
341
-358
-1121
323
345
-59
-304
-363
-304
862
1552
1503
-1171
-1888
1812
615
-2288
1363
-173
-1306
-1616
-163
1569
-1062
1065
1055
-29
-185
-634
-214
-757
443
1048
840
-1226
-1656
-1937
-840
634
-586
2106
2108
205
2267
-1008
820
1988
362
-1546
-63
-1502
537
-293
-2669
-485
-991
2612
1355
-3082
-1526
-387
924
2091
2171
787
-402
-1271
-135
152
-483
1147
-846
1655
-78
-907
-1105
1202
-475
768
-666
507
-118
-1359
358
-883
1322
936
618
1492
291
-1604
-437
1100
1848
1238
1050
185
441
-203
841
-803
1053
-171
-209
58
-1482
50
1563
-579
786
-1327
1280
1739
14
-1048
-1516
-1182
-186
2566
388
-457
-1095
-732
207
690
1837
800
-2070
-2368
-988
-1041
891
1565
1306
412
1275
1725
892
206
-1146
744
-1636
-1031
-31
-1046
-2482
-2261
-732
-1984
-146
-337
669
-903
-2371
446
-127
2291
725
-251
1397
-486
-2297
-673
-723
-201
-2345
198
1696
185
1007
2349
921
-1045
-1395
255
-233
-3917
-2032
708
719
-1332
2072
3293
-527
1704
2905
3093
1960
1241
2764
844
993
-1641
-508
-1261
-1535
-1925
-1180
280
23
-2070
686
1399
-989
133
1340
-470
-482
-576
61
-1742
-1730
124
-661
-2374
-277
-2218
852
-490
-1003
1335
359
1576
-186
1641
865
-357
2045
-2565
-967
-2011
-1494
380
-1336
205
-1360
672
77
-615
-879
-142
2309
1363
570
1331
-1403
-194
1426
225
-20
1149
222
-203
1294
1355
1922
1574
1933
1983
-803
2176
-339
-29
1008
929
256
173
-1445
589
1011
293
969
-975
757
-414
39
-717
677
2149
2543
484
-2088
554
-444
1695
262
2428
930
-1003
-464
-77
-258
870
2814
2178
1438
-1542
-929
-720
615
1828
225
-244
-341
-3979
-822
-1444
-1059
912
911
-322
-694
-854
-603
-461
-311
3902
1967
-142
-562
-916
1076
-454
-432
591
-1211
-3307
-1674
-1803
-881
-1564
-24
1227
-86
-553
-928
821
661
390
-259
-602
189
2207
243
-15
-309
235
-801
1318
-628
838
591
-499
3001
-297
24
1509
1334
-919
-1852
536
-1317
-741
-2225
672
-663
-2272
195
-1060
-779
-585
734
680
327
1121
636
-687
-1217
-764
-615
-826
270
-1508
-1781
-1278
-1302
1019
892
2930
3126
2340
-953
56
1531
-74
-616
-199
-1651
-1801
-424
5
-1380
150
1009
299
-2404
-1248
1911
2454
1820
1765
2690
766
561
-1619
-59
-975
375
1557
-124
-799
-1261
-924
-72
374
1071
114
660
1043
-677
-1118
-440
-2124
-1607
-5
-873
-1413
771
1490
-1408
-509
1213
16
-749
-866
1717
667
-383
1024
1315
-682
336
-1703
-1238
-1666
-950
2340
37
-1920
1146
1263
70
1174
1557
2268
-480
1024
696
-422
-197
174
-36
-2187
-1661
133
-1189
1396
159
85
-1379
-91
49
1949
1221
250
-539
1750
-746
165
421
704
-689
-72
462
-368
310
1802
306
268
2391
-3943
-327
-163
-942
-815
56
460
1391
1347
1101
-1189
-1371
-808
49
1573
2068
-372
-225
-2031
973
-1454
-288
1061
193
-321
-1225
-421
779
1299
100
-252
-626
-161
-2379
582
-305
-2795
-231
1572
-1852
1016
962
-2206
-5
1457
-384
-708
511
-774
-1050
-2514
-608
-657
-485
1158
1197
226
0
-528
-756
1499
-176
1029
-1411
1784
-133
-2677
-718
-1
-1976
-799
-961
519
-1065
1349
1768
151
763
-1411
1087
785
-2200
-1844
392
-1873
-2854
1083
-580
-3451
-886
264
-27
-1356
4234
1877
865
67
2336
-462
274
-34
-783
-1109
-2022
235
-775
-1734
-383
928
-1128
1814
296
2377
969
-597
52
849
-2472
-669
-1525
-497
-2177
-515
-570
15
-1026
782
938
-553
1337
-224
-664
1054
-945
330
-474
-129
-2558
-1826
648
-696
880
475
1852
-1502
726
1346
503
-41
375
-173
-985
-2477
-293
-2167
-3531
-1655
-1844
-814
-1106
1318
2047
-452
-582
3628
2586
879
434
-1113
-1313
-2222
-1585
318
274
-2733
-946
-347
-884
-463
1873
2032
779
1595
732
549
1098
-1374
-2359
-1586
-173
-157
1380
36
-1216
-2229
-1208
-464
193
-81
1980
-83
-1538
2590
57
548
1625
1479
-372
1427
759
-1881
-1707
-70
-1067
419
-1099
391
-1022
738
586
-820
2028
1961
1044
-1088
-183
-813
739
1256
1966
2264
1370
-1258
240
-619
-947
336
-182
994
-1127
-1346
-2187
-885
-1303
-969
1262
-420
2290
817
-1169
764
795
-159
1128
1963
-400
1032
-2439
-342
-964
-4047
-977
-1951
-1084
1579
1116
-625
591
-72
3018
953
2050
897
941
595
156
227
-1805
2529
-427
-734
-1053
-899
-2196
-1327
1522
-251
187
1905
2679
455
3160
1939
2340
542
2696
2380
-1116
-394
-1079
-179
-3608
-1224
44
2018
-2322
-1244
396
-701
2819
935
3586
1010
1590
526
2396
1238
-1464
-564
-1574
-555
-1875
-711
-1839
-498
852
2436
1093
2923
1356
481
291
-2062
1507
-348
-2
-1664
-1000
-2188
-1008
-379
781
348
-278
884
-195
1526
-320
27
-2048
917
-844
-2371
344
-795
-1036
-1255
1369
-582
-1076
712
3564
641
-2431
1605
1715
1142
-1200
238
-1404
504
-1064
-1046
956
-1606
-2236
306
83
-621
675
995
3109
-172
-857
2472
-436
-510
-175
-47
433
1404
-212
2345
-669
-2546
591
1948
-1861
1171
1026
-1716
543
990
2683
1213
266
1608
1269
-1772
799
557
-127
966
257
-1319
565
566
2810
1608
-1260
-1448
920
-1355
1523
-417
-431
-564
-874
-884
-1818
-1241
-2553
-327
-2130
-166
1486
124
1672
1217
-740
1104
-800
-1236
-395
-2301
-1777
-845
550
-617
-488
-396
266
-296
-1902
2178
294
47
712
-1057
1419
579
484
1539
1462
-2568
-207
-32
-943
585
-855
-350
494
-373
1661
-634
-2203
723
-25
1889
732
1436
-256
-1033
-889
566
876
-389
881
1145
-3859
-1714
-1237
620
145
782
985
1178
1348
318
2015
346
45
2703
-915
625
-2901
-2189
-552
-1650
-914
-454
-2147
-1138
38
546
580
1246
1027
1937
1725
-626
-480
-2628
-2019
-701
-319
-515
-1282
-1783
1338
-523
-995
1733
665
403
2243
-1259
78
573
-390
-717
166
-1045
1758
-1182
356
-1186
-1575
-398
78
214
945
594
-337
624
-1091
-3002
177
764
561
1885
1232
-1495
-1512
-969
-1067
-1770
-433
-629
-1409
-1206
-522
-395
-2205
-316
545
1984
3547
1983
-573
1689
-398
1284
1910
197
423
-744
-2232
-1739
-1381
-1957
1463
36
-478
238
-697
2562
372
1324
782
69
-1129
-3023
-729
-2566
-1471
160
-249
-484
668
9
1906
1955
91
1684
1704
720
23
-862
-680
-867
-1144
-159
35
-2932
-268
607
-376
646
139
1516
642
-296
661
2761
79
-364
-637
-1749
-3219
-680
28
2770
460
570
937
-1319
-587
591
2679
711
-1386
-708
32
-2118
-1357
1478
1730
-266
2204
3498
-463
-370
-1831
818
98
-1795
1806
-826
-421
-612
3481
78
-1759
-1627
433
443
-1469
-549
954
719
324
333
216
349
-93
1672
1142
264
-1269
1310
649
-877
1030
947
1780
-526
-1275
905
-20
253
1466
-927
153
344
2507
-117
1287
2432
266
2414
-902
-400
-312
-472
-848
1100
-1142
-2196
-1556
-446
-1530
656
-54
458
1256
-416
1644
568
-847
-44
-785
400
1600
706
-1835
-767
-1641
1199
1285
744
3538
677
-185
814
888
528
1292
-677
1045
-978
-317
-2636
1378
-2090
-68
1065
439
643
-166
835
2368
697
-2975
103
-403
-495
-2261
16
-425
-190
-1773
475
-147
-4045
-90
1752
-370
1241
1061
1274
-2957
-2214
-562
240
-1497
950
0
-2152
-283
848
815
-463
-360
-689
-309
-2826
-962
-1761
1224
-1304
-162
225
-811
767
-5
1385
1086
809
-205
201
650
919
1602
360
1389
-2201
-1122
483
-765
-1025
-1086
-21
889
1187
2434
3474
1031
3537
-874
-423
-1286
-334
-1702
-1660
-1034
928
1259
-994
-1131
-1346
-1067
1321
547
1448
1688
593
2166
1773
1526
4124
229
1365
-2400
-1510
-13
-975
-231
-45
-53
-994
2007
-309
2171
1997
2545
169
1027
598
15
130
2863
-858
1317
268
1178
1251
-1567
249
1997
-177
683
1257
1393
317
704
1265
-64
-1107
1606
2275
-2977
-1028
2338
299
1560
227
-466
1159
-3232
1851
1184
1595
1525
271
792
-1168
613
643
2569
1249
-938
-134
-867
236
240
1654
1878
-602
469
109
1046
-702
-2601
116
-1885
-1920
972
-210
-61
-1261
295
1501
-1236
563
-384
-809
-908
-1181
-676
-1022
623
-675
-1198
-1983
-3090
2017
1319
1651
-2568
-509
-734
474
2692
1688
2667
-344
-254
-377
798
-711
-331
978
-709
556
-58
432
1026
-2551
-663
1720
-999
2210
2011
-36
-116
519
2288
1849
1831
925
-2578
-1706
1028
2081
91
-492
-1388
-1957
-816
-507
482
2024
1608
-199
1390
966
-2336
2446
1270
559
-1044
-1126
944
-806
-808
-1819
-1558
383
1123
2731
-264
2169
1433
-312
3234
-1298
1731
1984
688
-760
-367
1001
-1021
-1684
1106
-566
-1930
1324
1979
1980
1068
2347
293
416
483
1564
-1518
-2711
868
-578
710
265
-513
-100
-20
-947
1147
632
-1365
782
-646
-465
-1458
20
100
437
545
1655
-633
-238
-696
-33
-692
380
100
-54
2369
-1651
-82
-99
-847
-300
7
1060
1042
-454
948
1886
354
-128
847
1105
-2418
-1126
-1414
589
-245
897
56
-601
627
424
1940
-2039
241
-524
-905
200
-229
-1152
-2029
-182
1235
-186
-270
-1548
-1495
-1538
-2054
849
-1687
-956
-132
-1428
-67
-1375
2711
1809
948
1021
118
42
-582
516
2516
-756
-2252
1144
-1600
-376
1710
847
616
86
-660
624
-627
461
2827
1282
482
-457
-1084
-936
-1366
-756
1873
814
-1089
737
-522
-717
832
2025
2081
2796
981
342
-1021
548
114
-80
1027
1017
-607
985
-491
-1051
295
1952
956
892
-514
284
-1759
-362
2360
-340
204
-1334
-985
-704
-1941
443
403
483
2044
483
-1595
12
1935
-526
-1612
-2241
-511
153
-557
-302
717
-1474
-688
844
2055
-332
2281
1988
-1346
59
-1263
-622
-792
-1276
868
-458
-420
1222
-197
-548
1163
214
718
683
455
-1015
2189
-1211
1853
872
-270
-58
-3145
-2202
-747
-268
861
-440
1148
-225
-565
262
1187
2021
1662
1783
-708
-2468
-916
-1628
181
1749
396
302
657
-2463
-1389
2465
-143
2114
676
1347
1015
-837
1504
1657
1055
126
270
-1291
-2577
107
-512
1607
3163
1601
1544
1295
-400
145
-265
-1078
930
221
-1491
-865
-1265
-2654
-810
1122
1857
871
-2551
1488
209
-2432
608
1594
8
1354
-1352
1082
-1460
-2101
1704
2351
989
1062
1339
2056
835
-1545
101
342
553
31
424
-1256
-1134
1517
807
-529
212
301
1609
662
-1472
-1503
1064
-1433
976
1637
-164
-1943
-2063
665
2112
-1054
119
720
-1406
149
488
174
556
133
532
1592
-2810
74
380
1482
2045
305
462
1202
-1147
-89
-104
-1654
782
150
6
-1577
-1468
-2155
184
951
-963
1750
1296
2189
-2384
1036
416
-462
821
-512
-702
-3706
-1754
2114
-1159
-1080
-160
-419
499
-1147
1568
2491
1564
520
2387
2123
693
331
705
121
1505
595
1674
-91
-1445
64
933
1294
109
-414
2254
-108
-869
-1923
2949
602
1590
1382
1192
1313
101
2953
1192
-305
-313
400
-1217
-627
1039
2109
-313
700
-491
259
-494
467
951
1081
797
1
2414
-1159
-1235
2503
626
77
684
-1968
-739
590
-528
-779
547
1201
-1550
-1247
-2016
-1660
-1633
-430
1855
90
1857
1809
138
986
1173
1793
1197
1410
-578
-138
-827
1293
462
475
572
621
-1366
-635
1178
-1034
1163
-641
-3263
929
1024
-2259
1182
-351
246
-9
-252
-1109
-529
-2116
399
-600
-2332
350
2666
258
1705
64
222
1501
665
53
2003
-1059
1604
925
-917
2093
-1759
-496
-241
-911
-2050
697
-65
-381
-951
582
107
894
-930
982
647
-2188
406
490
-2552
-2310
-236
788
290
-992
2162
1746
517
-435
1671
972
605
817
1039
-402
-921
-36
-1053
-2853
-2328
-947
-2544
37
522
-1131
-700
1445
806
-274
2823
-586
-1581
-895
-925
-922
-1664
747
-1106
-799
-1591
1310
-1294
-605
202
1471
34
226
1580
2224
292
-1702
-479
-776
1857
-1628
-1851
-2227
-2749
-263
974
2714
797
1828
-153
949
1353
-116
2220
-669
-665
-3349
-61
-1793
-870
1611
540
-546
445
-990
619
-443
1654
1103
516
630
1310
1096
-420
-2920
-861
65
498
1621
-64
199
-2344
1028
-403
-1016
682
521
-1685
-2817
-1064
615
82
-780
817
-739
-144
1648
-708
-24
-342
-860
-1166
126
-392
-541
89
1043
-1897
1501
-122
-815
-731
-105
-642
-2497
71
178
2082
-259
1346
1085
-494
84
-457
238
-397
26
-2008
-1104
-3263
-193
2396
755
1064
702
901
1033
492
1551
733
-1473
1375
-994
-1614
-1799
-711
-1075
-1636
115
-1444
-509
1340
1786
-20
-1330
-1135
2270
-268
118
672
-375
198
-559
1294
342
753
740
1782
2797
504
837
549
-155
181
-904
353
-570
-1077
-391
-858
-2655
-258
-1995
-1727
400
-2376
-25
356
609
534
2118
997
-673
-1739
-1721
-1523
-2287
-758
-1957
-2414
-2023
-69
1304
2537
2453
1307
2783
980
859
2970
217
-1242
815
256
341
-2145
1176
-199
-255
-698
-245
234
-2306
1329
560
-971
925
2114
229
69
-1828
-461
695
462
1051
-1167
-1056
44
46
-679
1117
-629
495
584
-1583
-1796
-785
-173
532
1505
333
1742
917
310
1158
511
-1465
-2052
-502
-1696
-1490
-3547
-460
-1856
-24
1361
942
-1212
698
1455
955
1778
787
840
2414
818
199
-560
-1894
-839
-1319
-1545
-1500
-1821
-1880
1197
-509
-2491
1379
1879
2125
828
1470
3687
1964
1397
2035
2597
-1010
850
1704
278
-1410
-2766
-567
-605
-1804
881
3187
1600
3567
2364
493
2277
539
605
1989
135
-98
2985
-626
-1588
-876
-371
222
346
-1033
455
-53
567
1218
2025
2613
2760
402
146
765
-1050
1006
1633
27
526
-185
-1285
-2773
-675
-628
359
2128
2058
717
1039
7
443
1378
1543
678
-1971
-1150
-2087
-1324
-982
82
-610
1201
-136
2014
-130
368
2422
787
452
-25
-12
503
944
-755
-1648
-688
-1137
-258
44
-600
-1011
-535
615
1834
-301
183
388
-1426
-50
-1633
-1783
1133
-1456
-825
1386
-706
-226
383
-1126
-1156
65
-446
3004
746
806
-86
-1219
-2153
-1402
-176
-2873
-1774
-700
-921
-238
-1611
-2411
-176
-897
-276
-1655
-1534
1160
1
509
-1245
807
-2678
2343
1328
-1402
1791
-777
714
1203
-454
2241
-276
-987
2538
1010
-764
-829
-1287
-1347
-2613
-1055
-1184
377
662
1119
1553
-192
1016
250
536
-2084
-43
-1281
-969
827
-23
182
269
-2156
-1579
-2450
-1138
110
-1101
1735
2201
-421
-1492
270
-1303
-663
596
37
1235
-2723
-1238
-362
-3164
-1140
1840
1000
-1209
-1200
-499
-1067
1617
1788
-1191
-1962
-682
-917
213
-310
2404
-234
-899
94
-606
-1559
-1914
-194
452
-462
-329
148
-1069
-2292
-1488
571
-2405
3468
-72
-231
-602
-423
653
-25
-951
2248
-634
-1050
-598
-213
-1267
-1357
387
-1395
-652
1111
2245
-76
75
1599
-1699
-116
-240
-1258
-580
-1106
30
-1974
720
446
355
597
-976
562
885
363
124
1891
693
-2454
-23
-304
-1333
751
-877
608
-1641
-1551
-144
-404
1579
961
868
-127
30
648
24
-1669
1265
-1327
844
-473
412
767
894
-761
1918
933
-185
-506
-2404
-1387
-2010
165
1767
-743
261
-103
-1921
-891
4417
518
406
-370
-1453
-8
-542
-659
1509
2194
-1733
1788
-1472
-1007
131
208
658
1037
-24
1064
211
-2297
894
2284
-774
400
-525
-659
-2040
-732
-124
2551
1162
1093
1087
-388
-887
1048
-1178
2110
-41
-1475
416
-1804
-577
1111
2767
-342
1144
-1426
-1029
681
64
634
-551
-1477
-928
-1467
-1670
-76
-447
-1350
1476
-1383
-768
875
1510
325
1323
-1028
1374
472
723
867
-339
73
-2648
-1397
-417
-41
-507
1476
1022
775
1310
1649
-901
-293
1778
596
4
726
852
-2607
-685
-1043
-1258
-640
596
-1133
-2504
-1533
-1057
597
347
1345
-1169
-164
-2273
836
1189
345
402
501
-268
-3232
-1778
449
1054
-352
-97
731
-1850
-91
-9
-1275
952
1152
1155
2671
-304
130
-235
-1358
78
386
38
1201
1450
582
1710
-544
761
104
-355
528
603
-593
-430
-612
45
784
614
1482
-980
728
-410
3057
1379
-1664
383
-754
-1718
-201
-871
-97
-128
273
2121
441
-2422
-1469
1228
23
2845
3630
2748
1981
-535
908
48
-3485
955
-678
-2090
-1127
-1893
254
184
-818
3066
2251
1018
-815
2215
-141
-862
201
87
-948
-2213
-1535
-2167
-517
-3063
-893
961
-1245
1365
1150
-1261
-217
510
620
2441
-9
-1087
-2044
-2721
-390
193
1847
-884
-438
-43
1051
-1362
-529
2023
125
-16
1136
-178
-1689
-403
-869
-1125
-26
-591
1308
192
492
1281
2070
-1467
1224
-451
-996
-1341
-3800
-1071
-280
-517
-1434
1646
-1305
-1943
1004
205
1511
3855
2191
1073
-995
-1829
925
-759
199
-1988
-1830
-1653
-2597
421
186
798
-79
2430
1589
-1467
-196
831
1296
-578
117
-212
-360
-1656
48
307
8
1110
-1342
535
-738
-776
1527
-478
1080
108
1408
-20
-1543
-1620
-488
-741
-1738
216
1621
1477
790
1308
995
-111
435
916
-599
-2880
360
2525
1302
67
308
-1540
1117
1330
3278
4383
392
-96
-1023
-757
-684
-166
36
-374
-984
-2963
-2225
1469
-495
1036
591
384
-1685
-2284
1529
2121
1523
374
1802
333
-874
515
536
-373
-2681
2135
109
240
64
379
151
-1715
1855
2555
498
-1605
-2685
-493
-1911
479
1001
2423
-266
633
-194
3223
1792
1448
-1825
-707
1021
314
-1036
1280
345
-847
-156
-1496
-1389
-359
1472
2117
805
-175
1867
-447
315
-123
672
-1790
-858
-1285
-226
4
-922
-157
609
-1270
1052
-1293
402
-1682
-39
-396
730
2030
368
-845
-393
-926
337
-1016
-525
-220
-98
-471
847
115
2119
2430
358
687
79
-1123
-2105
-1611
-2090
-1569
473
454
-561
1647
1149
-954
11
794
-2009
-1022
-1015
718
185
1525
1295
-990
1437
-359
-1102
-889
72
1423
-1626
1184
-1410
1774
1645
-1020
-233
-943
-408
-316
578
-1746
-265
212
2136
-266
-843
1205
1114
500
1637
277
-1735
-1239
-1158
283
-1664
526
1601
353
462
161
-757
-354
-358
-334
731
-1101
928
629
478
-1383
-190
-971
680
1418
575
-112
-1367
2037
1663
550
-626
1213
568
1505
1303
26
338
-1414
725
1169
358
-1400
1952
2707
-439
331
392
516
2449
142
28
-394
-1875
436
-753
-30
1030
-65
993
1287
-41
-193
1073
1594
93
2223
2484
114
-1793
-1341
643
-222
251
2596
-266
-891
-1531
-318
312
417
739
1950
-58
-1147
196
342
-1339
189
-353
814
-85
-2181
1644
109
-1706
2373
3142
1917
571
-1808
399
841
-174
652
1198
-227
304
398
-437
506
-1191
752
2391
535
-444
1399
1736
83
708
1162
92
220
-1122
2484
-263
-2320
232
-216
-350
1933
-756
1138
160
-591
-971
377
406
-2528
1698
772
1637
-168
-1371
1891
432
-558
903
126
17
-948
-668
-1029
-961
-1806
628
-889
-4568
-654
2194
-778
1551
919
-116
-1725
-1584
337
-235
-1965
1429
220
-2038
-1203
30
-426
732
1439
-496
171
-326
-546
7
1831
1253
625
478
-1191
1959
-1875
-605
1466
936
655
-1109
-414
-508
4
1473
1286
591
-565
664
-2450
-2534
293
253
1799
1177
740
-2050
-3071
846
-1019
955
1814
448
286
620
2646
1708
1919
1383
1443
-1606
-133
-1378
-1407
-360
854
-2680
-952
-815
1724
-652
303
1075
267
312
360
-610
449
-1211
-342
774
-12
37
-275
1768
219
-306
58
-705
-174
1798
587
-408
72
1868
-586
1917
-833
1517
-1023
961
682
1459
1649
-480
-1265
-1180
1421
415
725
705
-286
-3178
-1453
-622
89
-755
986
272
2335
1102
866
698
31
-821
-416
-1219
-1391
-951
-2253
-1673
-2938
-2636
-241
288
1920
1167
1125
102
183
2776
-1364
1214
9
-599
-170
-1867
-505
-104
-1532
457
-978
252
-41
569
2087
504
118
557
73
377
-2329
-767
-1946
-2384
80
-1581
733
-1839
-1033
-2558
-349
1128
-190
2099
493
978
-905
-541
-552
459
-908
2574
1933
-727
-1057
-994
225
-1227
-777
1070
258
-1059
-132
-1200
-2740
-1394
1526
467
-1771
-599
-2571
1629
1325
91
3492
448
-90
365
-283
-148
-1027
-590
2626
-3226
-1106
574
1422
-391
1255
992
345
912
749
489
694
-423
-602
719
-607
-1786
-2226
-1444
-1939
-822
353
-1686
-202
-1569
-254
424
1935
3245
1557
688
241
-492
1567
1375
1619
1
-1890
-965
-5271
-1860
-1012
-206
-2300
193
793
-1395
1298
1857
1527
441
991
2707
-87
-993
-1811
-372
-475
1701
-330
197
-2611
-1560
-38
239
715
1803
3064
-70
2841
779
1380
-1210
-224
922
81
-1412
-782
-1038
-3588
-2619
1408
260
-178
-1129
611
-2544
-1131
8
1458
1093
-1273
389
207
-1742
-884
1196
-805
1498
253
1692
-179
178
2476
2777
257
1090
-198
-688
-1068
-1713
-655
-72
-1132
-516
1403
-371
-1550
155
1116
2228
672
1630
-681
-614
-1693
-101
2524
-1787
-411
-3262
-2171
-1652
647
753
2666
389
680
1565
-560
1020
1433
2818
1138
274
-1114
-1307
-2246
-1689
1225
-1818
946
-509
-680
-244
363
-619
2292
1446
-574
802
-21
-611
-1428
-824
-2974
755
-711
1047
-1784
-820
1316
1606
2413
1519
606
-1115
482
2089
523
-348
206
-2254
-1908
83
-802
2321
183
1684
-2101
385
658
1478
-1427
765
22
-1285
980
-1819
1563
-1375
-1574
-407
995
-1300
-259
-411
484
303
836
946
170
-115
-1702
-1243
-361
-886
-367
-955
-81
-2483
-2110
-1318
510
1948
1513
299
-1109
-1480
1171
-1054
-140
-740
474
345
-1781
360
-3133
-3104
-571
646
357
1622
1420
1406
387
-980
1423
1489
3109
754
-2566
-483
-2282
-2537
-468
291
-469
-1343
-31
-1714
-504
681
1768
2527
2319
1054
-311
-1260
-2414
-642
-905
924
100
-2000
120
-1149
-958
2026
304
1600
3429
1947
182
-1026
-713
243
1151
59
2411
37
-750
1101
-2621
-1679
2711
1035
793
-1074
-1795
-765
-333
395
-296
709
912
1433
-894
-1992
559
287
1771
885
782
847
52
-1216
-1947
15
-1343
1318
1845
231
-214
618
-331
-45
3
1773
978
-969
141
184
-1237
679
1107
603
691
-625
550
1562
482
1154
855
1654
2221
3076
589
164
-1271
-185
-2292
1214
1216
-2687
-1631
-1343
1331
1008
1814
774
2200
-305
718
586
-1685
1502
3231
758
-325
608
-721
-1668
-1165
391
1589
-882
1951
1226
-126
-1662
840
350
432
1230
302
-1284
-3453
-3401
-607
-572
849
2295
691
-2921
-602
-1086
255
1712
-1805
401
-983
-1609
-41
1718
1999
2388
293
-788
-822
-1410
-1747
-126
-260
-1830
-67
-411
-1790
-1500
248
366
-2011
-608
1546
1368
-795
62
896
-391
52
973
1094
-1271
-1598
-1660
-216
-2267
-1564
668
-492
-2687
1110
541
1169
-694
1463
1338
-2040
-432
1956
980
-417
1399
-10
-2355
-1847
-887
-1418
375
-717
1469
-1558
898
1231
-277
1839
226
584
-312
117
664
-857
-660
-1633
-397
-709
-1155
142
-327
-1885
-570
-130
71
-1852
990
2049
-2226
56
768
2527
563
1487
470
-1796
-2677
36
-351
-1909
-870
52
1053
-1231
1844
-1373
-153
-69
-923
2032
2773
-177
835
919
-1643
407
1095
-62
115
-2699
-1424
-1761
-2293
1205
307
-297
1789
545
1288
1417
1348
-222
1678
-246
-390
-39
-1495
918
-737
-1031
-1313
-1709
-410
521
-77
365
2711
1954
3521
2013
1937
836
651
-10
-10
-527
-2163
-2607
-711
-1098
-1178
1430
872
2664
-375
1674
205
-271
1817
1045
-633
1133
-1121
-626
-1206
-217
472
-895
218
955
458
1933
606
344
-335
439
-981
-457
-701
2380
1008
1641
157
563
1516
-1806
730
347
636
-648
-1122
845
785
-249
1476
-1601
-141
864
980
1917
-170
2762
-466
-486
1240
-552
766
19
-1289
-837
-460
1367
384
354
1472
-1451
-193
1003
824
862
623
548
-2195
-1926
920
2035
1961
2668
162
1777
-273
933
1103
-1213
-713
825
-85
-1291
-2987
-700
75
-1934
-1967
-69
1578
-1361
1664
-1396
-1791
728
1513
795
2327
-96
200
-725
-483
1214
-820
941
537
-1335
-209
625
274
1436
2813
2070
1053
724
1140
1767
1107
1571
833
152
-52
1460
-2434
451
-146
1486
896
1020
-420
-562
1072
467
614
480
918
846
934
-131
417
-3957
-742
-316
-566
-2861
216
-52
-1733
134
715
2266
851
-809
1196
719
975
-1214
1006
-233
-697
-1944
89
-2502
-2005
1445
174
-206
-100
2220
607
-554
-279
525
-1204
68
1101
1886
2099
1248
1573
1745
362
61
1184
2761
-155
-1202
-2127
-57
-1893
99
1447
-59
398
781
642
-894
2989
2662
1578
-299
468
1533
-273
788
-1336
530
-1316
-2320
485
885
1229
1206
1505
325
-232
1373
1151
-1010
636
-619
2200
-1426
1051
-37
-1470
-393
-520
645
-632
1256
-283
606
-912
-21
1352
-703
115
2175
-610
214
271
-2249
1452
-1038
2910
595
-706
-1178
-1416
915
-1726
117
-2249
-323
426
-688
772
-94
1062
-726
386
-301
610
362
-1243
-401
1657
-396
5026
597
-1913
-902
-1386
386
-832
-393
2364
1223
-1309
224
678
-2918
2412
292
-642
931
-3467
-19
-203
-328
1525
1527
-344
2081
-280
777
-711
96
355
1136
207
1090
1591
-1195
11
290
-226
817
753
-1460
-2589
875
-327
-949
454
-533
775
513
116
966
-701
995
670
1917
-1094
27
-2083
-383
775
-1743
3170
-18
676
369
-2717
1775
-157
135
-245
397
276
1330
-592
531
976
564
2478
-110
-1825
-501
-792
292
611
-989
2154
401
681
-140
-259
-1166
1776
-1650
1644
-761
164
-1276
-1456
-621
394
-701
430
403
-1472
-354
946
2002
2608
1430
2205
-727
-377
-850
-1055
257
-93
210
-585
-1508
-29
682
-444
1398
-67
1680
367
-77
336
1837
-1097
-495
-2990
-670
-143
-1559
-3713
-2463
-89
113
-1350
-1784
742
-1253
411
3616
-171
1098
-1418
-969
-376
27
-718
1960
1957
864
1194
-169
1052
964
580
3238
373
-1191
2624
1791
307
856
437
-596
-1709
-55
-977
-595
-523
-1786
-217
-2121
-2269
129
667
-1845
1921
742
1101
-316
632
1616
476
-404
1302
1441
-1180
353
215
584
-62
-1037
1513
614
1152
1889
502
-326
894
-611
141
879
-456
-1178
165
-493
958
-546
-1259
-2344
-1189
660
351
2587
-1378
716
457
-1462
-830
3094
243
-685
751
-216
2336
276
525
1104
-558
383
1039
1173
929
-604
-1262
1621
-1644
-1728
1454
1891
-702
417
-1005
-11
711
551
-398
-638
-2014
-681
-1060
507
1255
-2189
1514
755
145
-827
1614
328
-961
1866
2105
1475
-417
-321
-286
674
-1819
1359
3076
1311
1096
1185
1003
539
-386
1461
1485
-2354
918
1928
797
-166
-543
1997
2093
110
-761
-732
441
543
2989
1626
2209
2367
211
3837
380
-452
2571
456
1155
-3154
-456
-634
-2231
-412
-608
1528
75
1023
1819
-1332
1304
226
-684
751
442
534
1381
2030
-19
2030
-1454
-599
-2840
-681
1312
458
93
730
-674
1025
1520
-199
833
749
2525
-373
-819
-856
-528
3414
-800
475
-3112
-2417
-1765
-2548
1417
-675
969
1267
808
-657
118
453
866
1934
4144
-1443
-17
-686
-2392
-1022
-181
765
2079
1048
-454
-1340
-2342
421
977
955
4331
-1921
196
419
648
-344
843
882
719
554
-2314
-1473
-2092
2003
-937
2618
-544
-1418
-2180
363
530
-894
1129
2725
324
786
3113
884
812
2199
2974
836
373
-140
-870
-581
-1862
996
228
-466
894
-1769
305
-282
147
2532
1372
-2628
339
978
2075
388
959
-969
-2926
-181
-84
-35
-966
565
-1
1260
592
1627
1688
1487
258
-1569
-969
-1041
-1680
369
-561
-1195
-837
-694
-1102
-1312
-318
-365
-825
-1805
1509
-233
-56
169
186
400
850
-992
401
-540
-1746
-159
585
895
-926
-2554
1258
-776
-915
82
1168
232
-1436
212
-251
234
1656
1237
-1002
242
-1395
-1070
-1383
-466
-2096
635
-127
-571
-823
555
-476
796
3263
1600
447
-675
417
-276
1324
-554
-91
1508
-735
1708
1269
-119
-523
-104
-89
768
-1046
-582
1782
-1004
275
535
881
-194
2891
2414
824
-207
-129
-193
279
-401
-1500
-677
-1366
159
-182
-193
164
1635
1085
701
872
3278
1132
-275
1317
588
-204
-1739
-873
-3670
-2502
-1946
1166
841
-597
883
1304
-1746
270
3161
-84
1392
-1043
-848
-2540
-1249
-766
-574
-1482
-441
-538
358
356
-156
962
2100
463
-684
837
-2377
-1884
-1690
-949
-1117
-2502
1399
-1168
-1216
-747
2233
2172
526
2092
-976
-971
-1443
64
1408
1965
838
530
832
75
-1602
905
316
806
-996
1768
1334
-139
1034
1098
2856
2217
1763
1340
955
-1815
371
2108
805
915
1765
-501
382
-1375
-1329
1761
519
2649
1393
-920
539
-2681
1459
1214
488
657
-388
-991
-1695
729
1101
-292
1515
-2
775
-2658
-1397
-1578
-893
1822
497
2514
-621
1081
-2477
70
553
-1066
868
745
-2786
-906
-662
60
618
1842
490
634
-284
-151
487
-374
3143
417
-2847
-276
-2198
-1676
1883
588
688
1118
771
601
1806
2041
1393
857
1059
-174
1324
-181
-197
-1993
-436
590
18
-110
-25
343
-2410
1322
24
427
-753
-1547
654
-254
-718
2271
-221
-592
-3032
-2107
-431
466
455
2356
1699
-813
2131
1052
-532
747
1823
306
-280
48
848
-63
-621
-2818
-1859
-757
-1387
-3323
-153
-2760
-206
-392
432
490
844
1403
2771
1127
860
2098
395
-1175
-1226
-665
-2135
-2406
-138
-829
-1081
-353
1399
980
422
734
-172
1173
1370
1972
574
2036
-140
-1575
-3197
-2757
-705
-406
-658
259
-938
543
648
462
1689
2857
1150
517
-322
477
1675
-1383
-1248
1404
-1624
-1243
2008
-128
-1557
1329
-70
731
-725
257
82
-37
424
1838
-277
197
-848
-1113
-2048
-1356
1054
796
711
-111
1715
1736
-383
1778
-737
-2510
1129
-2642
-1653
-2771
-1473
17
-1274
-801
561
-320
-706
1062
283
-491
4282
154
-636
497
601
-480
392
-686
-263
-1464
572
-109
-636
655
-1440
770
-701
844
-1247
444
-52
165
-1461
-601
257
302
1497
-1659
-571
170
-4683
-2071
584
-2539
-3012
-821
235
-1641
548
1878
-524
-142
1584
3782
-712
910
666
530
189
-960
293
-1718
-1849
-1443
-1630
-717
-1625
-582
954
-430
56
-70
1142
1722
-1232
22
-346
-554
-1739
-457
-3776
-1232
-1655
-800
193
-2145
-2167
-26
1405
-528
82
-537
624
138
1152
-49
265
-1973
-988
994
895
454
-325
1624
144
-1432
188
175
-278
-818
2087
-1200
401
-1270
-654
846
1187
-631
1464
-226
-551
1015
-2078
2186
-754
22
1257
-1247
-2856
-2351
-2002
-660
-414
-476
-664
-102
1705
-466
438
1645
1106
379
-939
-2209
-2356
-2137
-387
381
-1790
-210
350
1577
3162
-1932
1343
1888
7
2064
2882
-1662
308
48
-912
-1157
-2037
-811
-184
-1131
67
2206
-1309
-108
2382
2231
1623
-1091
1998
114
-2616
-1178
-514
-910
290
1182
272
-1490
-1439
883
3015
1944
1310
-467
1225
-2098
1589
-385
-380
2025
524
-99
277
-2791
-1435
1348
-70
1112
1
2069
-968
965
208
-1043
-482
28
-780
-2392
-1223
646
-770
-57
-266
157
-771
-802
-365
410
-2140
356
-350
-37
-69
1236
277
660
-272
-260
417
935
-331
631
2391
-467
253
941
147
1225
347
-150
-161
-19
834
-703
899
-48
-1191
1919
374
-947
-1490
798
1634
-568
763
-376
1294
-689
2355
1537
1073
2989
1940
-1593
-1717
-32
-1917
-155
1352
710
1457
2129
2002
803
1084
3633
863
1747
1430
369
769
-392
242
-2501
-2908
52
-2562
769
-2190
-31
2514
-815
790
2103
1809
589
-80
-54
-596
-984
-705
765
-2616
-3441
-79
-2878
-793
1028
180
1722
237
31
250
178
993
-814
101
-928
334
-2
-1398
-1599
-3327
-2883
-1105
673
1801
137
1121
-2393
-242
677
2369
2702
-968
1717
-1045
-3967
-1101
-2164
-921
-998
986
-711
741
216
511
382
-1167
478
-211
-132
422
-11
-1611
-2421
-2262
896
-1238
550
-1374
-364
526
-885
2617
856
-2405
-491
-2882
-2217
-2347
-1022
-1242
-2689
-151
-2043
375
-7
2039
-626
221
983
-697
86
-186
-3730
-3618
-1192
-1350
-1354
177
177
-1129
-519
-613
-1882
-1528
13
842
232
624
-726
139
220
-2389
-1301
-1690
-220
-1271
168
-432
-2967
-491
2395
1092
568
1367
594
-2134
-807
1976
147
-8
-1078
-878
-2113
-869
599
-135
320
-1909
-2171
-1537
-1840
-486
-243
1122
-1715
-3710
388
-409
-1518
-1436
-724
-1182
-272
1384
1308
411
-2132
-659
1869
-609
-868
309
200
-1166
-3335
1334
51
-1551
-1912
-506
-1784
-523
2364
2523
-302
-1929
1275
1147
821
1361
-461
-659
-1570
-2667
-1139
-212
-1420
-466
499
889
15
220
4030
1118
3277
1285
4531
-298
44
1268
1702
706
-83
390
-2084
-2196
-404
-133
-657
1283
2449
830
-479
-1486
306
-997
1652
1869
1080
-1727
-82
909
-892
32
568
1225
-2999
517
-352
723
-1897
402
749
947
-418
855
-1133
-2132
45
1811
-101
-1324
-337
-2113
211
-815
871
-98
-2048
785
-1110
-1157
-824
-1277
777
-904
1010
32
106
-2227
187
109
902
1675
2484
-665
557
-304
229
515
-283
1872
-1126
2005
-678
1400
-585
-654
1229
-159
-505
868
-1579
-1449
-2150
306
-114
1002
-666
-591
-299
-373
403
-1123
-368
1484
1494
1813
382
1524
1599
-246
1803
1413
1689
-2180
1244
-150
-3356
-2373
1048
2098
374
808
-1131
-1366
-1051
733
737
2147
-699
1782
-876
-458
1039
-1777
1097
-522
-87
-1053
430
1065
-1897
1493
492
1903
-357
1707
961
-1212
-924
143
2100
1750
269
-165
-864
-802
961
1175
1182
-2510
997
320
-1437
-1354
-525
1576
461
1087
-911
1868
-245
394
-378
735
1237
2056
3588
2071
507
-253
939
297
1145
-1169
