20626
26594
-24446
27091
8674
-26376
-14516
3072
29983
30467
-22439
30841
29961
-958
19679
-23469
-5127
27246
19150
30113
10207
-30428
22881
28442
11714
16891
15934
-7063
10189
-21549
13503
-30682
-14620
-29742
-26402
21198
12768
-11987
29506
-30511
-4014
-7762
17401
19346
-20521
-671
-3566
9589
13721
16691
-14678
11777
10165
-22111
-24969
-107
30130
-10460
5588
-18100
16467
-16050
390
13047
25618
30100
3094
-23683
-22984
-15892
22329
-16103
20597
-16808
28132
-9831
-19884
-16313
7605
-1751
-9722
21681
5588
3259
27341
-14035
16856
16628
-7835
4445
-27797
-29232
2018
18296
28443
-24254
4510
-2006
-31988
-10674
-22139
19286
-12372
1870
-21912
6683
-15534
10098
12400
16263
-3241
-27275
-17762
27088
-22782
21353
2513
32515
-27645
-3757
-25778
30271
-32464
18017
20795
24163
-27234
-6568
-15737
19665
-4495
26912
-20850
-15479
-23230
-23851
24202
5224
3268
-23268
23136
7999
-9768
868
-6435
-27789
-17045
-24686
-20715
-17042
-5422
-29514
26392
29150
-599
-704
-10635
26218
-8569
-25480
18367
-7226
-16929
-6297
-26447
-24119
28970
29893
4929
-28850
-17381
-9623
21050
-31759
-29948
-21693
9772
15186
9683
-3216
3081
-13348
16036
-20385
12241
-20741
-8619
8233
18365
-27451
28140
18069
-866
-4204
-3488
-12691
558
706
20816
19322
9458
-7955
20420
2151
-9783
28770
24638
3287
8027
5705
-19153
-13026
-1906
-17663
22565
-20004
-17962
-21580
-17848
-4214
-12380
27747
-4574
-20656
26534
31441
-4006
-25486
-15855
-5982
6219
-15584
6740
13842
-18236
-25073
-13325
-11877
-4970
515
-27164
-15566
19727
-30853
28105
15095
-747
5146
-17217
-2697
30349
3067
1385
-17590
-728
8130
11740
-6848
-8688
31980
-30295
25242
27085
19411
-26299
-15606
-10790
11779
-23819
14498
-25771
10077
-382
18288
14093
26458
25619
-10868
13025
-19804
-30766
15996
1
-1316
26524
7200
7711
23556
20021
5028
-20780
-17044
25330
-30889
-662
-21763
31371
13939
31
-1895
-28861
11926
-29987
-28086
1419
-26429
20850
20811
14578
-22946
10460
1219
30997
9764
19682
-3028
-4431
21320
-27298
-24041
-21405
-7148
21717
19881
-28805
-6602
1761
-5453
10280
8387
-13633
-4479
-31753
31724
-21812
-25807
-8362
-19784
-676
-10519
29598
27547
-29316
15588
-15131
-5057
3137
29015
-5391
31657
-13012
13179
10901
2564
12983
10914
-21094
-24378
32708
-21553
-30631
4011
25026
11087
-20288
-8591
-2574
31565
-22518
23300
9487
-8109
-20256
-4702
-1178
-24864
5866
-17945
-7562
5439
-16266
-13734
7674
-15383
21258
31632
15090
-10232
5510
-25705
26628
24881
20825
-15681
6184
-31293
-4898
-12274
-22185
-21052
-5054
-26593
6457
-1906
12842
13100
9079
-30566
-28259
-11823
2023
10122
-6054
20970
14310
30713
2053
-11459
-25845
7272
18272
-5017
-26816
-15305
-22698
-14352
-3927
1779
-2790
24600
1183
29073
9025
29995
-16993
11542
-13824
11260
12789
-28312
-16070
-18085
10999
22570
-10193
18384
11491
-32328
6696
-7421
27262
-32693
-2461
-4958
-2561
17705
-11634
18661
-1877
-30424
-21242
14533
-1738
-22759
-10412
7038
-20202
15626
-16853
27356
-15135
17400
-20404
-13927
-26797
4994
12017
3054
-4867
9466
9674
11732
8899
29175
-19075
13715
-17286
-24943
7032
-3268
-2705
10613
17713
-9816
10617
-5495
22409
21818
-15962
7436
5390
2670
24244
-15415
-11923
-24955
28825
9539
-1346
9130
2931
9654
2876
14487
1474
32355
-18437
-25834
-25579
-28600
-6253
-3383
-8794
17269
8382
17825
28367
30982
-20183
-23667
12863
-26619
1665
1989
23668
-993
-6982
11235
15811
1314
-9980
-22938
5642
-15588
-29855
16707
-16857
-3775
12307
-9226
15489
-6900
12020
13372
-3781
-31485
-11085
-4960
-15056
-19854
21084
-4593
25413
-7131
17637
-6764
20219
16717
-8035
-18611
19032
29446
-11301
11224
-4021
21856
17620
-21807
23723
32104
945
25184
5769
-22626
-19670
-6098
16299
21337
19003
-11893
2232
-26873
-25447
-23836
11708
-316
-20335
-327
-23094
-29165
22984
3969
28155
12889
5426
20670
24839
32041
-32734
23949
7377
32109
1814
-1342
19749
-17836
-125
26270
4893
22622
15640
5635
-16598
10906
-27297
8255
10548
15057
25608
31608
17631
5338
28070
5249
-31655
-24847
23771
-1029
22600
-19044
3427
8512
-30671
7518
-9017
-29522
-684
-20152
-24702
-19301
-23166
-20377
-29973
8860
-14296
2529
12790
-58
2346
-3592
-24646
-632
23134
24506
-15054
-19106
4259
9195
-5438
-19269
29356
-27389
-25840
-23459
-21859
7927
4831
-29355
28259
14986
15587
-28613
23622
28469
31746
23523
18714
877
-21129
-6646
-23991
-30744
28780
-13022
-13400
-10949
-2158
9712
-31115
22427
3869
23206
-9969
-3537
-29213
-21161
10670
-11087
26115
-25025
32009
2620
13561
32735
-13904
-5602
-2304
17299
20854
-26200
-21095
-9199
-29052
1434
-10758
-21255
-19074
26552
11494
-2066
27010
-25951
16092
15484
4054
-20697
6371
-13111
-23978
-18835
25883
-28085
-16876
-29245
-3819
-31897
26030
-19880
-26649
-12624
-2880
-26105
32466
-11004
-13281
-28702
-13222
-29730
356
17133
8590
-26877
-27469
18169
26551
2213
-25614
21352
-10610
-13502
16142
-32091
-29593
11005
6781
1711
15054
13583
18440
-13895
12618
3714
-6782
-28732
18362
-10644
7069
15811
-25899
-24387
3247
-968
25590
19593
15358
-29404
-27991
-26966
19553
29033
12040
-24112
14596
-25536
-25068
9222
-11219
10080
16327
5452
15731
-17378
15398
30841
24047
-27117
-8753
-8572
12126
6419
18964
-8673
-19266
-27088
17821
-19289
-7322
3393
-17763
9302
-1017
-22817
18477
-26175
-13496
-17212
2023
-26772
-6205
-25897
-25409
18640
-13660
6785
30436
-4425
12763
16915
-4414
10191
-25575
28427
-20483
-15324
19519
-812
17626
-6815
-14881
-30328
11357
-4616
-3163
7200
-28875
-12071
17873
12873
-24554
-24238
-26716
-32255
-5039
10196
14609
2045
-25637
8635
-24478
-23966
-26307
-23460
-21741
-19907
-11962
-12031
-18510
-16316
25751
13318
3653
-20681
-18872
-27699
27119
13547
3787
-12227
-21876
8028
31977
-21599
-15873
-6763
-27919
12065
-6397
31643
-6410
7908
-22651
-7776
-22208
16916
24321
-9779
12159
-13491
2007
21786
6389
-10793
-13158
-3107
-5069
-9201
3822
15895
-4959
-4630
-24584
-31167
-13750
-11959
10072
29946
28556
-2760
-17008
17295
16995
15771
15970
-25826
11899
-2408
-18864
-26311
21206
-21299
-22048
10878
25847
1085
13284
-22702
29718
2679
11779
-30372
20264
16293
-24891
1641
-11414
3044
-6627
-5564
-20923
-16031
-31422
27766
10073
28352
-22052
27597
19311
5072
-3930
-15885
16512
-17782
-28561
17520
11220
14104
9310
-5305
-7159
20719
-11965
20614
18945
23086
369
8891
29550
-3672
-28835
24035
8598
-9498
32572
-18077
9991
6881
-7389
-23450
-31121
-5170
-20703
14796
-8496
22384
15350
4655
-21178
29975
-15380
27825
-18103
-8286
-27034
9183
-20931
-29816
14626
-9998
10526
-7611
8346
-31349
26907
19697
16112
20520
-7648
7686
4948
1969
-14741
-16474
-3169
-17845
19952
31857
-30802
2337
-27061
19798
32057
-28381
28796
-31577
12048
18595
2237
25255
26149
8253
-23733
-18494
-20831
-30027
-25759
7631
28814
-9538
-5857
31742
29201
11577
32001
17487
-10702
10642
-16766
-13402
11808
1825
-5794
6726
16418
5474
3394
5477
775
-27355
14390
32516
-9533
30884
-10063
25333
-2969
-5674
-18499
-24533
-12523
14818
18538
12700
-32126
22493
27678
17757
-29972
-7983
13392
15041
-18070
-15135
11340
-1475
8108
-17272
-21160
21604
17493
28474
-25697
-20826
-26274
-671
-20103
25945
-26274
-29874
3755
17858
-12325
-21038
-10554
-18996
665
26631
8449
-26114
-7153
-29189
84
-4475
32608
20421
-940
25851
-23754
-7209
28007
27361
13997
7755
-10270
28575
-24591
15112
9600
21833
-6666
16372
21969
-11635
3425
31400
3231
-11113
7830
-9133
16811
-5643
-502
12763
30981
-11288
22138
15668
29765
-30676
-9380
10660
-14320
-17670
13837
8164
5938
10514
-29651
-9910
-3189
-16980
14093
23343
-14319
15142
-23740
22067
-23685
5781
-8772
20104
248
-682
24710
-9624
-3313
30378
-29996
30996
-20368
10952
5665
11476
-9108
7883
20392
-31506
-27271
31117
9919
-17614
-6325
-24771
-15176
-15870
-11032
-22791
-9961
-24795
25176
-26589
28183
-6618
-29661
-10330
15464
19312
2943
12204
25797
-29177
-12867
-29741
-19957
14429
14533
24759
5402
-28136
27705
19685
-14028
2862
31770
14135
22215
-4374
-1925
3979
-15133
16320
255
9621
-12600
-23677
-1601
-9014
18882
18369
11044
-24019
-31355
3922
-13054
28797
31517
-13984
19715
25960
6392
25167
29080
3222
14968
5030
-31073
-3504
9588
1390
-8368
28648
21596
22878
-8354
6107
24416
28410
11040
-19217
10083
-28046
-6113
10940
28425
20378
-1013
16826
-5436
30919
31980
23865
-7282
-2966
-16601
18640
25090
27113
3820
6479
-23011
26196
-3251
-19289
26192
17209
25067
-14094
11353
10766
-24719
-6074
-14727
14200
-14196
25965
21403
-7207
-137
12767
21913
7185
4898
-11401
-2856
14011
25192
14474
-31548
11454
-4030
-4075
-25098
20623
-11478
-16631
-10308
-8147
3051
4058
-6827
-6676
1007
10324
29551
14572
-6548
21750
-23964
-28805
-27247
-22027
-11520
-12994
-32002
2615
-26518
-23166
8594
23548
31079
4642
32562
3509
1013
-11096
-4587
-537
-28113
25411
-28532
-4182
21406
-6912
7437
20882
25312
28253
-20265
-15822
26075
6119
252
7393
20934
2090
-19525
-3022
-4724
30543
7868
12805
14429
-10034
1113
3716
-22512
4067
12767
-4820
22038
15164
-9173
-3001
-7446
18059
15353
-4569
12698
29178
18627
13472
-25603
-7214
5958
-2662
-29469
-17781
21901
-31743
23836
-27652
11078
14
-18482
4693
-24760
11218
6526
-29100
-29076
-22774
-31482
-4248
21772
7693
1319
23846
-26365
26742
-25689
1114
-23386
3891
-32468
17477
22853
27317
31914
336
-14980
-26165
514
5610
17229
-27331
10590
1113
-21558
28741
5930
-3891
28962
10218
-3149
22262
2138
3532
11801
-8704
-17086
5172
24044
-6109
-25388
-3680
-13095
-6463
21847
-6316
-7197
-9146
-23576
-15720
-27078
-4627
-15907
-13267
-4924
-24956
-323
13527
-16805
18682
-27912
-6954
-32546
-18306
-32683
-20370
-23430
-15199
-21306
-23682
6481
26284
28795
-18272
-1136
-8126
1558
-15409
-28288
-4173
-21374
-31057
29798
-4548
30249
17198
-32286
11799
13497
9511
3428
-18474
17850
-17824
-8463
25620
23356
-6394
-11926
7120
26883
26811
6003
-10973
23138
-3775
26500
-30594
2125
14188
-21017
-10713
-20466
-11670
-6301
3183
-29574
3456
-14758
-16941
-16833
-22665
29912
28552
20887
14959
-21246
-9151
-20395
-32689
-12031
13082
8209
2822
-3995
-13931
109
17141
17197
4984
16231
9538
-24693
288
-10010
-26729
-23079
-19781
11290
-4488
12740
-15939
-32128
2116
-14458
29244
26637
-7033
-31139
11235
22097
30900
-29037
-3256
5405
12231
14381
9833
14871
-8268
5347
-25158
-28990
31442
-14102
6224
30288
-20593
-20117
-10378
28370
-7165
-14862
-22810
-6743
-8210
-24175
-4257
-26771
7512
-32048
4801
18988
-17343
-3407
4545
-28744
-243
9327
-18267
22089
30872
22700
393
-14492
16162
-17241
29973
7881
6571
-21456
-26847
-16039
23499
26940
13083
14758
-17702
4984
20357
-6302
32010
-26870
-11735
748
-28796
14791
3706
1924
21626
23512
18942
-11938
-3132
16530
-25568
-25576
-15081
1615
30976
13789
-12330
-13667
22961
26978
9128
-16032
-26957
22168
5552
29367
-28768
5547
-14083
21478
-20252
-3766
-6985
21402
11591
-19163
-11921
-23999
11237
4652
-21642
-23091
-1568
26745
3419
-30609
-29238
19993
-3187
-7691
18982
-8894
2120
13871
24345
-11227
9838
31119
-27789
5703
-5644
-12508
-15477
16959
32454
-20541
18425
-19936
32267
19809
-4966
14999
-108
20250
-9404
-27968
5963
26882
-20069
-4432
16329
-30200
29250
17280
3855
-20720
-134
1170
32391
23256
30304
11727
-6324
28507
-1345
-17577
-6797
13440
3838
16819
32472
30306
2298
30400
-25190
-29396
-12822
5255
2029
26294
2658
-4458
2796
13921
-31675
19721
-23429
-1411
-15936
-8579
10601
-21653
-14498
-19777
-19984
-11348
24926
-1894
-6293
-21022
30731
-6065
22576
7558
-8086
24719
18668
-2297
20577
26112
-4637
-10857
6334
26345
13243
-8031
15398
29760
2806
2628
-12379
-28100
-20842
-26674
-2393
-32156
27199
9355
-32675
-30777
-19106
-2951
-24427
-32201
14882
-9561
18379
-4151
-4158
-29543
-29515
-26798
6163
-16968
22372
23410
30383
-727
-18330
-17943
2411
17178
-9990
-2541
9131
27351
-22179
14132
5095
-4371
25182
-7009
-21039
8738
8127
-11276
19855
32734
31521
-24443
-17548
-31219
7041
-25506
-6065
25171
3154
-8585
-19114
-3870
29897
-24640
-1916
23390
-29924
12558
31391
-14204
-24001
12142
26834
7266
26213
-20091
16674
-10075
-5333
-22563
20906
8187
15634
19996
-28362
29543
-159
16721
15886
21701
-22511
-2798
7740
28324
21960
25914
5408
5423
23260
-30483
25259
-6047
-30384
16132
-22621
-23337
6944
-16090
-11524
-6436
-6136
-7459
7196
-21831
-20441
-26566
-11588
17668
-17425
15753
12637
21239
21494
-13542
-12493
1509
-11449
21748
20335
3735
-15534
11834
-17455
-2856
-7565
2530
32224
16726
31487
-17381
1872
-29397
16835
6683
23407
32000
28147
-5930
-32746
2679
-19154
-18397
-11416
-26480
16222
16286
2838
-10608
21780
3445
29986
25745
-9404
3041
-10048
8048
19440
16114
-24541
21128
-31120
-5608
15166
18440
-8698
16048
25708
-16869
-24275
-18018
-9829
-13954
28016
-29405
6073
-22092
22178
-21787
144
32724
-9476
-29683
-18766
-6695
-10901
-17721
28582
12005
30285
-4065
28858
-32386
7229
19731
-17499
28342
17253
21394
4815
19175
-11204
-18123
-12295
5539
21621
-13732
-6386
23728
7520
32190
-19418
21444
11525
-16453
-1587
-6614
6517
19695
-25882
21066
22353
-9535
-4583
4734
13161
15890
16901
-7266
-4633
29907
4782
22919
-14657
8017
5791
30374
-27138
33
1415
-26859
26520
25191
-3998
18463
-23038
7852
-15688
-3561
22544
-19910
-12855
-1095
-10629
19562
31948
-22345
-17244
13254
-8161
31045
30953
9417
23599
-6430
8646
31800
3898
28416
14440
-1046
9112
25404
-19744
-6857
32255
-6399
10411
26303
32465
10038
-25662
-30401
7739
4400
30275
16129
10651
1528
-15736
30277
2635
-30784
12866
1292
-28899
25561
-11128
-17714
-25300
-12391
-17797
9961
-28432
-14717
-14299
24908
-3648
16772
6770
18564
-25301
31363
22846
-29449
-2215
-11426
8533
-17675
5235
6760
6546
-3380
-30446
905
-6047
-25687
-2630
-3219
3352
20015
13163
24395
-29348
-18371
-2645
30050
19008
-3154
-10916
-28895
15788
445
-19666
-4771
-21713
16495
-8628
28955
-31643
21565
8296
2539
9864
14852
-26576
24745
-31827
-13481
-20977
27938
-28300
5315
8988
9914
23896
-29101
20765
1895
12737
-18848
2836
13272
29913
-3634
-27171
-29010
8484
19410
12530
-10138
29283
1323
29741
-27945
-19200
18024
27144
18517
-13400
-22817
22801
18668
-15019
-17838
-11729
21598
21115
4632
4707
-14024
13050
19416
-3828
-3525
-2250
-14481
11493
26455
26773
16200
-15695
12428
-24128
-24674
-20257
-23217
5573
-27960
21124
14608
27909
-482
10150
25567
2525
-14273
31192
-30381
-11387
30999
-8845
-12508
-24844
27248
-23889
-11002
26049
-23
7556
5448
12993
-30846
1827
-30666
21440
-10487
22722
-16642
5341
28684
-29636
-29231
-31417
11893
6464
-25295
19415
7723
-28166
-28228
-23855
18933
-26713
-17179
-16800
-25898
23485
12989
15319
9865
1066
-11378
10602
-25063
-23081
-31473
30428
30826
-24651
-2136
10269
-13750
16681
3809
-4732
-15257
16629
26108
14971
-6106
28725
-16028
2173
29803
-15221
-16378
28028
-28273
-13146
6002
-19445
8905
19554
111
9884
19396
-17474
6609
-25398
1033
22141
27577
-116
-14574
9996
27348
645
31077
-19839
-25481
-13281
-6788
-5193
-12355
12704
-26747
-6417
-13423
-12681
-25850
6149
-14239
-22595
-32725
-14182
3330
24307
-29999
26524
-24184
21871
19691
27386
-23770
310
-6229
-21393
4927
6961
-18714
1306
32059
-661
12771
-5805
-30489
-13577
19755
-10060
-27308
728
-8727
15695
1621
19957
20769
-20351
-24662
21037
9037
-31712
25949
1008
2918
6976
17068
23288
-7676
-27220
15327
-11011
22266
-8407
21510
-21200
-24280
24896
-29879
12237
15321
-4117
-7875
31435
-6620
-3920
-22491
-11401
-12186
25854
-16579
-12407
-5972
13632
-23355
24335
-27318
-2508
-30776
16594
13110
-18710
11790
3755
22982
3838
26331
-5274
-9298
-722
-15993
28126
-2179
-16121
-4508
13273
-6401
-20851
23347
5518
-8285
-18239
-18416
1457
-4363
15814
-28151
22763
11789
-23812
23488
-19672
7035
2821
-22130
-32398
17792
17353
-5173
-29045
5620
-21355
14982
2247
-16183
27332
16921
25364
-28259
-20740
15537
12892
18153
125
-4883
7290
23316
11193
1546
-13185
13367
-7759
4436
25419
22476
26136
28771
20672
-32679
-32565
-27036
-15681
-31274
-4975
-10416
2710
27929
-13206
-10611
23559
-10454
-23716
511
23374
-7582
12825
8382
-3251
-1729
29472
-27296
-14429
-3473
5739
24749
-2025
-4101
16134
-2103
23647
-2195
-124
-824
-17730
-27161
-28352
25454
-17487
23698
13876
24433
28705
-23613
-6953
31494
9489
25979
-1165
-31844
8053
-17623
1798
14745
7040
5791
-4362
-16766
-4656
-32101
7132
30014
-26513
-30436
25312
-16584
-32184
20639
-23560
24895
-26517
-9663
6122
5582
10989
9701
-4367
-23609
16510
-16922
9861
23421
-27239
30939
-30706
21981
22001
-29501
3007
29044
-11700
20085
6645
18981
19607
-29520
-14208
10057
-678
30989
16285
4446
-13175
-15984
25334
-3486
20709
-26323
23566
-30957
26159
26210
1580
-24891
-21116
13507
21716
-30485
16898
29957
-10298
9060
-10289
-18581
18756
14620
-14494
5402
-5177
-26734
-31193
-580
-14531
-10502
-13936
-21568
-6602
12953
-19420
10900
-3731
-4372
-21284
-20106
7630
-15138
3911
29149
14056
11745
30106
18044
7060
29360
-28859
-15158
31895
17839
-1615
11855
-5444
-7855
-18791
-7672
-30824
-1814
-10920
31185
3634
22695
-6025
-2489
21385
32191
1569
27881
15665
4419
30722
21266
30121
9591
-7892
-1535
26994
-31795
-22499
-1863
2818
-28856
10357
25535
-25583
-4078
-14403
31801
7128
-16138
-24077
2949
21483
22086
21846
-19417
2911
24572
-24838
23354
26200
-18490
-27723
-1690
21956
-2006
-5651
180
-24547
-24099
24279
6747
-15381
23908
-28960
-2769
14563
-10551
-6474
1768
25837
18243
-28222
-14498
-7906
23899
-5245
-17047
6400
-1350
26119
28489
20833
13691
15940
26195
-28492
-10754
-32484
21502
487
-8771
-17915
2283
-13796
-28287
-27199
-28289
-5910
-24682
-3734
26145
-9592
-24892
4529
24578
-9924
-30021
-23440
-27748
15763
-2849
11026
13058
4676
8434
24757
10640
24603
-2129
-23505
-28303
14041
-12584
11217
9989
2035
14097
315
-786
-142
28572
-7256
-25091
-17012
12118
22233
30811
-18667
17062
5512
-6360
658
-285
9920
15972
-12979
-26895
21362
-7236
18042
-21013
-25601
26552
24665
32754
23872
-30351
2928
32612
721
24478
-28166
31951
27703
4211
-4492
-10627
14465
-31873
-8254
27701
3046
-1711
-227
-12519
29546
31588
889
32282
-2894
-4847
-18795
-20103
21807
14853
1949
21567
778
3405
-18790
5755
-23412
-29345
12013
7115
-18373
-6142
8514
3625
-24407
-21679
-32703
-5363
-755
-22291
10934
-31594
-24925
29630
31186
-30742
-401
23771
-16851
21907
20552
8452
-32621
-7882
26503
11820
-7941
8648
-16825
4680
31571
22917
-14192
11958
-9298
31911
-27264
-16364
20404
-27235
2048
19702
15652
-23484
-4070
-9805
-1409
5728
-23212
26564
9188
-22090
4320
28286
18553
12169
-2214
-15708
4540
-16465
-11842
26922
25246
19306
27906
-21048
1150
8323
27078
10746
-7262
15729
20817
6576
-27198
27680
-29255
1771
-24979
-7855
20502
-16771
25194
13936
-7986
-16455
-16197
17514
-29500
12143
7883
16167
31277
-7608
-15715
24738
20060
-2548
-26807
4212
-20488
2077
-9501
-12138
14860
1034
19048
-19366
11672
-29328
19738
11703
29230
-26768
26767
652
7530
-12054
-27690
22978
-23296
-8488
8021
32608
1137
32146
-17922
-6684
12882
-28532
16231
-5217
20402
-7890
-11858
31854
14299
-5690
-26304
15372
8999
-27929
-24870
31562
-210
-31299
-29240
-23536
25787
-2240
3988
-363
-28326
26060
-13857
-15136
6173
-1581
-8630
10198
28718
7892
-14232
-19321
-3989
-30982
24654
7215
-19425
1305
-29241
23736
-3740
3146
4382
11822
-8429
-27641
-2861
-29633
15614
-30278
29769
15884
28669
876
-16980
-15731
16972
32332
-9391
16571
-25556
6360
-4549
15120
-15652
-26555
-3214
9180
-24115
-3092
9975
21430
-12578
-6399
25181
13145
-16917
17028
-13702
-14586
-32368
-8211
-4133
-12825
-13706
-16874
28618
23605
-6735
-1349
4260
-680
-15086
32096
-20731
23702
-30629
-11013
16302
9461
-21677
29636
2836
-16291
5149
27229
25926
-1146
-3753
-12337
-29143
16632
-24121
-9442
-6824
25266
-31376
22550
-13889
-16362
-762
15010
-19489
-18594
31217
6110
-12819
30651
25950
-20314
-32650
13878
24099
-25015
-30211
6435
6836
1077
-32276
12382
29230
24480
-25344
-9531
-16912
3954
7388
-13054
19539
19375
18422
-9758
-29210
13678
32305
-22120
-25325
27058
-1202
23056
20311
-20529
-16568
-29217
7141
18169
725
-30949
32138
62
-11010
-21372
8234
4924
16449
-22707
-9386
-23334
22977
-10625
-14733
-32374
19786
-170
2480
24308
14604
11016
-21048
3309
30138
6293
20222
31754
25292
-18754
-30498
-3203
-31864
-1723
29570
-16453
-7443
-4494
21685
21276
-3080
-7828
27910
15784
15574
29289
662
19129
-3134
22885
-7181
15622
31224
1527
-4593
-19192
-11574
-25502
-8178
-11147
-10348
20783
2077
1384
17977
-24886
8222
-10050
-10838
4890
23851
-19755
11302
26334
-19716
-13220
-228
25553
93
-14615
2225
4866
-5714
-31800
13288
442
-7781
-28513
-9268
-17416
-19431
20564
-6984
-29257
-8189
18022
-21935
27015
-11849
-11156
-19383
17512
-28182
29493
-22400
-13995
12264
-23518
792
14505
28105
15211
16374
-6074
-17073
1366
-18411
22439
10678
20725
19260
-2025
-12483
12293
31906
17690
21599
13506
6248
16572
-215
23929
-28310
30707
-26296
3079
-6359
-25753
14691
7450
18545
4366
20403
5032
29100
24343
498
18928
-1767
21548
-11634
31205
-14535
-27995
16464
21705
27678
-11336
19927
2507
-2406
21021
29616
-27769
13675
-17372
-6626
-15196
21792
32465
9814
13366
28331
12298
4480
-7809
8820
-8963
-6054
-8605
-2071
224
26905
-19239
-10577
4858
-856
-15583
5216
24794
-28774
-3875
-27246
4144
2576
17567
-17492
5725
-2689
23657
10541
-9576
-10015
-16140
29657
-13225
-22387
-9090
15835
13494
13166
-32360
-8235
26312
-11905
6362
-13252
-24575
-7317
20820
31534
23723
-27275
-10636
-17293
-11940
31749
3162
16335
22404
-21831
26417
-25879
16062
15032
14252
-24023
-3553
576
1998
23574
11647
20043
2048
29878
-28398
2721
-14309
-1252
12115
-19120
7088
-11392
24959
-24026
-26057
30089
-22747
-22771
-22574
-26898
-2987
11069
21712
19021
13940
-1796
13670
30019
379
-12776
18993
-17276
-17413
-2313
7824
7558
-24732
-24655
-14126
15449
-5813
21560
28516
-6615
-29346
4665
16231
-11781
-463
-18242
28788
-1160
2621
-18281
-26480
-28825
20939
17792
-19943
25894
12078
10279
32138
-30560
-4964
-656
5473
-27311
10496
-29340
3724
13895
-792
7707
-18758
9546
-7822
-25971
-8027
-15541
-16955
8056
1503
-5686
-18495
23498
23659
-14160
7562
18317
29809
27499
-7549
-22109
19448
-25309
-22359
-9448
22791
5425
5648
27908
4920
-32114
20275
7131
-1316
-15176
-15853
-1245
-17869
-29583
-21677
-15830
-19798
6927
21214
20356
19807
13639
23552
18421
-19412
32332
-26632
9871
-18666
-16786
-10506
-19801
448
29541
-6907
5535
6982
14067
-6453
23507
27557
16439
-14051
19452
-23412
298
7254
13356
-7645
14987
25381
-29108
-23710
23794
-5128
-5812
30090
16400
31523
-17464
-26462
-7564
18
4604
31237
-468
-6496
32440
-15663
10835
30426
11217
-13161
2040
-32672
25152
-6266
-13028
29529
-2579
-13917
-27222
5386
-22736
-27978
5280
-13958
-9049
14734
23482
-9967
30261
29725
-19265
17580
7571
27455
6720
13247
15969
-7530
-16285
-30359
-1827
9507
-14485
1171
-16668
-13271
9861
25650
23665
-19011
-6613
25420
-15956
30592
7809
-21932
21378
10204
3044
-16297
-30136
-17474
-9102
8746
31857
-19192
16848
25318
-1820
-22353
20377
-1540
-25147
24623
8860
-26393
26767
-30473
-30163
32019
12202
-8081
283
17268
-29565
14806
13194
-2694
5393
-10545
-21586
-6606
27511
-17954
-9109
-11498
-27290
830
21815
26517
14654
-7668
-13237
12564
24934
27823
-27443
-1136
-24362
-16193
25163
-19905
-24815
2864
-12149
-7731
19106
22228
11812
-5445
9364
-18738
7685
11481
6621
-10072
-8887
-21530
19357
-481
-9527
18026
-17249
22599
20744
22690
-8507
-7653
23680
-2365
4623
12800
30207
3035
8951
4646
27991
23840
-21637
-21057
-16810
16501
-19718
31650
13739
-21271
23481
26831
30256
4627
4121
-21190
896
3177
-21936
-400
2301
-19739
8072
-31043
-11876
2163
-11353
6697
-9048
-23926
27120
9212
10405
11490
16027
22425
1092
-22815
-7821
21038
-21537
-11143
30571
20073
-18207
32753
-28591
-4884
-6269
-6534
-25433
-4960
7441
31986
-18357
-9563
-15320
-13664
-20422
-31270
-3316
-16801
24165
1875
27141
31059
5598
-24971
27953
6132
25141
-4950
7029
-28130
27838
9311
-25920
13122
-6829
-27204
-18712
-16463
-17914
13304
16656
3099
3505
8557
31815
8800
6583
26816
4642
-10786
29959
-3937
6655
14435
11716
-18825
-27419
-14780
24086
3890
-2318
-4568
17956
10087
10337
-22215
-4432
333
-8170
-1286
-10327
18163
-7606
13865
-1250
15020
28676
1131
26416
-18469
24459
-27349
-2267
-31331
20203
-21023
-21929
-20866
12546
-18759
-13231
17586
75
26835
-28977
-4145
4735
4264
21222
-24504
-13100
-32629
29564
17452
16469
-23667
-9875
-22850
-215
20228
8708
12347
9147
15029
23583
8320
-20933
4804
-22049
26611
-27699
-10582
5283
-1623
20009
2017
-17871
13729
-23027
10362
8781
-17740
-20826
-21866
-22963
-19481
29816
-31725
29984
-31084
30875
-13265
1643
23746
25979
-20381
10533
28917
31176
-25694
-21044
16158
-29526
-28096
-713
22931
32574
-32480
2792
23681
26813
22633
24830
16134
-25068
591
-21703
21700
28050
-21661
25149
-7349
-7696
-14978
24110
15827
-3416
13739
29120
-21357
-16738
9236
20225
23159
-6677
-25199
-27507
-9144
21555
-18703
19074
10138
-31054
18729
27693
-504
21890
-24160
17025
27901
21804
-15768
-18807
1462
-6727
-1369
32368
6847
29158
-626
-4067
17869
15995
-3742
-29295
-27013
19529
10196
-30649
3740
14405
-25532
-18570
20383
-23681
25028
27758
-31932
-8050
-21770
2636
-26105
-30195
28392
30906
-9114
9451
-28315
-19142
-30173
-2008
-22931
32198
-4780
29843
14696
5301
2638
13464
-32438
18515
27975
-32224
21275
17520
32580
-17849
27495
9306
-25866
-15194
17291
20022
-25936
-1982
-18412
27703
-11775
23432
-15739
24777
-20430
16987
-30691
9328
4382
-8100
-18838
19147
-23236
-712
-31926
-20538
-968
22166
-23524
15219
12522
-30507
-730
30893
-25398
15939
9079
6172
-90
4447
-4817
-27772
-13724
4020
8738
28231
31311
-26634
10599
6735
-1716
-9420
-1600
11208
30123
-26930
19513
5949
27014
-26140
-13547
-29387
271
17588
-14222
-17999
-11057
-3064
15557
648
-7700
26574
30491
8406
-24115
7753
-7666
32191
-13970
13513
2307
-20106
12415
-29461
-20681
-29776
25234
22269
-25025
-5871
-24889
4725
29451
-15966
32104
-9843
-19102
10868
31021
8041
-28604
-8290
-21873
-17611
-29346
26330
19221
-8322
21762
16635
7986
-6941
-9222
-26945
-10376
3190
-2586
9532
886
20606
-26399
-2378
5886
-20501
7296
-29364
4963
22436
-18
-3996
-22999
-30915
16821
19406
-13530
-25218
-8186
21554
22399
10829
30156
29040
-25382
9718
-1258
-28408
26068
-182
17780
-28812
-15568
9900
-24012
9080
-7540
17413
10021
-7767
-13106
-10477
27455
-2866
-3769
-3002
29182
-18408
25061
-31465
-10370
17434
-10302
7786
-3079
-32102
6493
6656
9792
-10307
-439
13223
25415
-29160
-26322
9816
17306
31979
-24555
-8882
11549
-8142
23820
-13633
-24021
11315
-19491
24151
16460
-5284
-32753
-22973
-14822
24407
6636
-11719
-14137
-4239
26461
27860
347
8361
14370
-31201
4911
-29718
-5077
-2115
-31285
-28503
27784
2238
-8730
-8916
-22848
-22963
-9778
-10750
18614
-869
-2307
-24166
25323
11440
21965
10256
31714
31444
-16374
8164
14958
-120
22926
-20256
-24632
-32585
-22744
2239
697
-7522
-12413
-32535
20660
9071
-3386
-16772
19883
21232
23081
-2146
30848
22364
-27620
-17197
20812
-6172
-2208
29592
30475
17386
4885
27258
-299
-21888
-11403
-13341
3821
-28346
-28247
-21838
29323
20387
13792
30818
32665
31946
-22932
30047
1996
-27913
-12333
25898
21939
-32614
9189
19869
-16703
-28566
-15522
-26036
-1067
-5316
-7780
25347
-5206
-14166
-29610
-18405
-17093
-30851
13259
-32268
7269
-6023
-16453
9992
-11778
-25974
2331
-21963
25129
10909
22790
17214
20120
8713
13791
12364
-11734
2074
24458
-29194
26
-4406
26495
8532
31656
5584
22324
-2044
2964
-21030
8812
30340
2229
-1336
19246
-26692
24956
-32514
756
11696
4309
-1412
-11763
6657
27076
11961
29277
-26274
723
-25551
2966
12372
-23107
18190
-6616
26103
-12646
-28767
-18385
-27339
29517
-31695
-25253
-31955
-18597
-32019
9336
1114
-16676
-20071
-26813
-8622
-32257
6731
-1386
-12575
16020
22240
-15569
933
-3488
-10406
22226
31621
8288
-20888
-24706
5241
-11237
-15192
3292
-20938
11698
-29118
-30536
-13991
-27696
26252
22715
-6836
-21678
-4558
-5491
14992
-6129
29610
27000
29584
-10092
-13747
25343
-19003
-24191
1345
26572
-6388
-18628
-27608
28381
6742
-8029
10809
19149
-10912
12626
-19411
30062
13883
-21830
-3750
8716
28178
1922
8289
11850
27735
-22752
-6179
-12290
12707
25604
-611
20042
-11374
3269
-7289
26007
11542
21522
-25553
-14469
17540
-18609
-30536
-4158
28630
-15592
4571
-9204
-31009
27
21431
-15795
-29761
-16615
10534
-11180
10453
-31916
14291
-7136
-30572
-6159
14176
27613
31720
31681
25972
23967
19724
3603
-5317
-24437
10133
23853
-14772
22293
-28131
-7943
-15193
-22746
8585
-12034
30088
-87
15637
-31932
6904
5010
20144
10156
24788
26370
-22791
-20147
19069
-28790
-7220
-13109
15347
-25939
19174
18529
2123
-16164
-28118
8245
-31150
-28702
-24274
-3237
11294
23338
-102
-29571
-12201
9282
18769
-13818
-140
20869
6234
2387
-11084
-5787
19268
-10276
-2451
-8662
11768
4442
9947
-582
-6655
-1476
-28404
-5831
30742
18397
15009
17410
16815
22497
17705
31370
-25470
-6811
-520
-15854
-30345
31089
14839
-23071
-23076
13423
-7799
-27760
-5843
-23397
19590
28197
-32459
9833
11700
-16147
22491
-13503
-31008
-26653
19522
13854
18573
8121
21326
-30473
-6195
-16406
-1252
24959
-14373
6497
-31049
-22597
21883
-19995
21613
-10612
11214
-29336
15356
-34
29052
-13777
-8090
-25313
30464
-4423
-27226
14200
445
-11266
16615
22020
-16140
2256
-4249
-22433
6585
28669
-25706
26213
3307
-4761
-22782
-16545
-3449
2148
-9526
17899
25014
15341
-6132
6827
9247
-24414
-250
-12421
5149
29072
-4788
-30597
28143
27852
-9286
-15729
18800
759
4098
12111
-26713
24417
29028
-26438
22668
26830
-32025
1552
9853
-7527
9785
17226
4960
8645
-14536
22272
-4795
8626
21854
-15061
-6501
3556
-3679
-26845
16016
-30631
-4604
-30326
31182
1464
26846
-7651
25195
-16055
26807
25858
-6651
8193
4430
25855
-18732
-32515
24942
-17359
-16721
9235
-12811
21340
25145
29188
-7157
19747
-22471
8203
13041
-27140
2043
25465
-15488
-17381
22260
-292
-22783
-17644
10352
4125
-13643
8015
14150
-14370
-5749
-9030
18441
-23889
26350
-13786
-29
18585
11604
-22950
12886
-24313
29226
25324
983
11758
31247
-24546
16531
21434
18444
-20258
-4677
-31821
-11450
-23940
-3243
4737
19138
-5260
2132
27899
26154
2938
26288
-29371
20225
-10820
-17781
21129
-9946
-21924
-30924
29843
11816
23630
28776
11809
27356
-15945
25272
27528
-13103
-27958
17524
-27201
14992
-3415
9912
-21660
2061
8769
-31844
-1942
25318
-25295
-3766
10456
-13450
29515
12733
-19215
3589
24856
3792
16537
25880
22403
-24192
-20372
-22699
-30874
-32173
6321
7147
27455
15308
-13032
-290
-15849
15260
-25116
16125
20302
16072
-10673
5526
-2035
-27049
21543
12186
-15249
30768
-20724
-13111
-5821
-17269
-19985
13460
-20936
1464
-13358
-2439
27868
-18619
-32702
26647
11799
980
1446
-26023
32564
-9243
8208
-6988
-32266
2968
597
-16595
-29793
22396
-29606
-12038
18574
30959
5667
18222
14922
9895
10788
28756
2299
-6656
11171
-3897
-24060
-3984
3122
-6872
-6667
16472
1465
-627
-26956
-16328
-3437
9041
13726
32284
28324
-26724
29723
-22099
30832
6357
-17024
-28161
-13104
20548
-27741
-9537
-24117
-22402
-28695
13228
-27100
7654
-21380
9922
-85
-14122
21664
20864
28716
-32747
9201
-32286
-25794
-25769
-8709
-17065
-10083
-16409
-7401
-5175
9180
18845
-15074
22543
15759
21371
-20828
-28480
7232
13209
-25453
-26488
6412
20462
20616
-26907
15157
26467
-3131
-28135
-16956
15196
-30114
-4946
2636
29742
-19077
-25144
9583
-25663
31686
-16493
6970
20755
21630
-718
17087
27205
26278
-18728
3084
18659
-20025
16180
-1602
5456
-15693
-27209
-13230
27337
-1932
-15108
17234
17837
-31372
24903
19541
-11524
11078
-13350
28177
-14289
-21700
16067
-1499
10056
30578
-12253
-27758
19098
-8822
5577
-20753
-27727
-22698
21422
-13044
-7610
9879
20799
17450
-8246
-20325
9601
-32532
-14229
9083
6034
-11450
32044
-24692
15458
-22504
-4283
21774
-9181
-27772
3731
-14816
-24114
13085
-924
-20794
-26135
-19557
-23937
-11548
29527
2106
-16536
-4111
11081
3126
7147
23798
-7819
16316
-22499
-28959
-10505
20786
-8025
30973
6902
-10601
28048
26111
22984
-15939
-14058
18347
13199
-491
30649
-1562
32434
-617
226
17614
-7334
-3063
-24061
16941
4275
9741
19534
-18321
23455
26524
-13630
14803
-10522
-14898
-21609
10749
2350
21569
-15246
-21223
-4510
-1595
18692
-24206
-29402
8356
-30862
-23842
12750
1028
2791
20217
19247
122
-14639
-24926
25336
30821
29001
9052
-26831
-27872
-20811
-30691
14741
-23320
8908
18995
4342
-8034
21075
-12787
-11838
18676
245
-15663
15236
-22089
27596
-18204
-27289
-27938
17665
20819
15757
16925
30225
-2200
18809
-5075
29080
-32682
31540
4600
-10062
3769
-13121
-22343
10830
12072
19163
-9921
-16379
-10158
-11231
28016
16782
-13878
6959
17435
22685
26344
6272
-28276
-18478
24210
-5622
10565
18578
-16523
3567
-17722
-32315
17474
-31337
-7006
-16218
-19384
10635
27181
-32316
16150
19639
26726
31102
-24913
1243
21101
8980
29747
29290
30579
-28355
-4094
-11741
-23983
-23948
20051
1623
29115
32004
-5905
-8442
-17901
-3537
-15321
-2681
-4397
-15753
-24005
-5293
450
-11513
12104
-3729
-4216
19204
20680
16522
18957
83
3616
8569
-26346
-16667
7584
-12782
17496
-15255
-30179
-13333
3694
30741
12394
14279
3869
2186
24623
-7006
-2748
-19120
16861
3060
-9346
13173
-25610
-32335
6377
10432
5243
26867
8913
1675
-15753
-29414
15201
-22001
-14392
-15766
3086
2705
18882
24222
18844
30764
-20941
28220
-29809
-16997
-32188
11246
26530
4746
-22580
155
4439
-20429
-11521
14158
3469
-23443
-7840
-6778
5029
-31497
5084
28324
-25764
15214
30836
7136
14396
-12927
-2686
-29620
-7514
-9063
-13921
20756
-3242
20095
19017
-14224
-28291
-29168
9013
-4962
26577
-5418
-22672
2621
28645
10548
-6904
-15795
22801
29167
-8061
-28359
-20868
4964
-20586
-13668
-2512
-10028
-11917
-2627
-17308
-30949
10384
-22361
19835
-5991
-11312
16123
16145
-21368
-25065
-21362
8350
22406
661
-21905
14045
26676
-18446
24311
-18885
22064
23547
1532
-1484
25551
-28503
620
7917
15307
-17695
-31335
-23659
17662
30787
-7419
32337
-11377
-23779
-7553
4105
8771
2727
-12125
-22326
-22766
-23793
13750
-2303
-25345
13165
-20972
19901
915
3174
-19147
18651
1736
4655
-5109
14494
-27975
6217
23723
-3355
9999
-12880
7041
-14490
19632
19410
29759
-3648
-2826
6542
22454
-30723
-20495
29071
29355
-3081
20371
28107
11319
-8367
-6180
-4009
11708
-2289
29705
-9523
-10550
25943
2978
16337
-24584
-3065
-27869
10705
13347
27456
10490
12459
23182
-2104
-2721
20061
21284
-20288
-31085
-29045
-23401
-21534
8247
-30834
-1813
11694
-25245
-17297
-13823
-21446
-11554
19734
-13131
18063
3458
3584
15116
17932
26270
-23713
19273
-20355
-30869
-24420
-24003
-24359
28525
-14862
29011
9054
24414
-8711
-17288
-20492
2992
-16049
-12726
-31749
5734
30314
22928
-32248
8783
-9221
-25293
2675
-5477
1121
25305
-22977
-4281
-28899
-7797
14573
-26534
10957
-13343
6459
-22816
-4170
-31937
-17759
-15487
746
-18672
-10085
16241
-5661
-29114
-7207
-1672
21320
-12868
21089
4304
-29204
-15728
5839
-1328
-19749
-17104
18363
7688
-23322
14164
-6455
-2465
13584
-6474
-31825
-27876
5968
-3539
27959
-26549
-8165
3015
-25449
26507
8734
26569
8556
-31836
-12027
-25436
8484
-28789
11403
-1479
-12744
1070
13568
20553
-12071
-12367
-10160
10899
23663
17156
24631
24329
-21444
22952
30120
17708
24577
-28350
9620
-11528
9198
24887
-8281
17481
-21752
1293
8353
14019
-12688
-15487
27263
7539
-26662
8369
-20183
18151
23888
-10906
-23894
17398
-11887
-16228
-19656
-28245
3402
-6304
16392
-840
-7551
-28744
-18764
2875
-5856
26278
-29079
-3702
2478
-23982
2684
23420
-19791
-22570
-28746
10556
-31549
-13690
31053
17343
-16798
11935
-23734
8507
23397
26201
-9937
-897
11765
13377
-2564
-8895
-14401
-27774
-3629
-21908
-6636
27563
743
27141
-26743
32312
-26448
-12246
18702
6711
-2234
-13230
-24040
-13434
-21848
-11986
-25570
21764
30906
-18463
13506
-30211
7622
11099
-30330
-32549
-23431
23751
-14678
2077
1456
4431
-10942
-5674
-5613
31714
-28984
-6780
19092
6173
-12480
26333
-26665
-11860
25360
10317
12092
-1707
-23511
29552
25076
-4100
21952
-11459
-8674
19323
-26260
29608
-32671
-13409
-29592
-3753
18995
27100
2179
19928
4107
16441
-32163
-1521
-16362
-12588
30602
-19084
1342
-17987
4404
32648
-24126
29798
-24650
-20563
9601
-24368
-27439
10435
-30972
31797
2578
-8268
13549
29322
-7715
12642
6689
18039
6018
-8115
22980
-17974
19461
32564
-14332
13788
10790
-5581
-113
29434
29700
15265
-7558
-30141
5435
4241
-9491
24917
8161
8127
-13386
-27874
-13520
-17384
-10099
22839
-22258
-22422
567
6770
-22191
8877
22540
18499
-15429
-12144
-20762
-3442
-11359
-14430
28296
-6574
-7902
6085
-28278
-19318
14655
4925
-19646
22510
-4998
2933
1833
-20637
-27414
-2353
-30766
-4261
3792
9095
-30526
13756
-21671
6120
7082
17849
-29080
23247
-7584
-6579
-11441
3630
-13407
-8774
-9893
8534
10777
32250
29122
-9808
-20120
27497
-13848
3333
27481
-26867
-15880
-4781
5094
26183
-18466
30607
-4327
18666
1654
-11057
-4483
14280
27277
25561
-23940
-24909
25785
10033
-30128
309
25851
-7489
-13628
-17430
-19599
-7844
6212
-15179
8024
19960
-25954
15023
9738
-1661
28371
-26447
6495
-17461
-30649
5234
22426
3729
22275
-19336
7947
-21363
-13793
-31555
13205
29628
16319
16825
2758
-14283
-16720
-14004
30352
-17649
2446
-19333
-4323
-23448
-8154
19239
20501
26463
2646
20831
13659
-29936
-23203
-17476
-16600
-21608
-17363
-14715
29596
-10049
-13283
-6264
-12961
16863
-9192
-24583
7680
-9469
-8982
-28280
24062
-2759
-27681
26537
-14307
7463
10608
-19659
30146
10820
2707
24181
3739
-31366
-1135
20184
15467
4739
-32179
14305
-3314
10461
16594
19971
-30857
18338
4414
-27780
-16278
-24022
4225
2686
-28251
32010
-16312
-12093
-13064
-30013
1829
-15989
-5983
29328
27478
-24822
6026
-9198
14372
1543
-15673
-454
23320
14707
-19719
-22460
-8489
23742
12109
8795
-23506
-27571
24651
-5215
-808
-2600
1027
-14943
-17591
26184
26784
6792
-8832
6461
11042
25858
-27044
2557
-4689
7678
3858
-17967
-25918
-32114
-28891
-11623
18316
-10782
7836
32302
9700
2607
-17547
15718
25493
23580
6361
10142
27198
-4379
-13778
8643
-13407
7997
-29653
32415
-19218
7036
-9986
14270
-30933
-28387
27988
-27016
-10984
1716
-16604
2811
18407
1434
28308
-23127
-5455
-14399
6429
-30378
-28594
-11608
-26321
-21624
-8443
-30162
13713
9263
-21361
-28695
-6117
-2421
-19486
24219
6419
-31260
26177
-3084
-28965
-25804
32665
24008
7550
-31002
-11631
-2374
-26279
4652
-11411
-3245
5102
-27863
-29010
-13045
1424
4055
-16937
27048
21347
-3634
31592
5129
-17405
20355
-3193
-16386
29848
-23419
823
30928
9720
7515
-1989
5097
26956
-8112
-17776
-5012
-14838
-3633
8357
2270
-7508
24474
-13084
-6552
1162
-28716
-17605
-25003
-26294
25577
-30580
22219
476
-25315
-626
6517
-26856
31341
10028
-2547
23839
-15543
21231
-11208
28921
-16770
29957
709
4232
32356
17759
-12203
-28975
-29880
20509
-5762
-7591
1516
25700
-6166
6841
-26555
-10749
-23276
-16720
-7932
-15052
-18638
8764
19642
-19103
25969
16103
2385
30800
4252
-18501
23446
23724
-12235
-11339
22283
-489
-29367
18220
-4806
-14420
-10911
-8720
19320
-30232
14855
24424
-14037
10279
-17571
7992
-27845
30589
7207
-7621
-30765
23433
6786
22796
303
-32250
27464
-5852
15228
-22865
20659
26844
18215
16851
-6213
13232
4290
5553
-10164
13385
-22226
-32669
4063
3046
3331
12749
28016
29112
26428
6823
27932
-25104
-10433
-30361
2515
15547
-20891
-4833
-26334
-12896
18358
2422
17634
9106
25765
-28791
-21249
-5483
15715
25753
-31074
-23753
-4975
17339
1602
16678
-21640
11320
7776
-32319
15743
32226
-24368
-9137
-20246
14051
-21111
31906
-31654
-30160
19945
23579
4342
16654
1279
5630
-20268
226
-29431
-29092
-10801
8579
25689
11364
12142
12828
19650
10525
1307
-11027
28454
-16615
734
15749
-16111
22648
2500
26879
-9784
28529
28031
5748
-26099
-8724
-14690
-15329
-17922
-32681
25756
-3048
5139
-12084
32376
31712
30445
10896
14822
-10876
1492
-14853
14312
18220
-27455
-18247
-19401
8133
14759
21913
-31530
-19522
-2026
-7969
-10460
-28583
17127
-6379
11422
3347
-29396
-12616
30503
28277
-7994
7712
4098
21664
29996
-27820
25430
4093
-20031
-18255
13485
6341
5655
30703
5357
-26227
-21850
-26077
-23184
11244
9165
-8360
-22094
-7240
19659
-6567
16719
-13421
9175
25239
-19029
-1287
-25363
-24093
-28574
-27571
8320
-5811
9083
23367
17274
31206
18451
28546
15673
-16147
14369
12682
17912
16202
-11902
684
17896
4772
29744
-21524
26689
16529
-14013
8350
-2436
-24285
3236
30770
-3792
5961
-25495
-19670
-22088
-30351
-14895
-17686
-9270
-23964
32676
886
-7350
-16394
-8864
-6615
27938
-297
7156
-32453
5749
18184
10301
1856
21350
30306
-12207
19470
-14079
-31792
-26598
-11225
-12742
-31587
-22138
-3671
17483
11879
14060
-2636
27477
32043
28351
-2522
26537
-7442
6751
3953
22665
-14103
10703
6702
10254
-12456
-11033
-20434
-26170
-13988
-9514
2344
32167
-30921
13732
26552
23975
-24958
29837
-3873
24626
23917
-9493
8595
23891
-31392
-27734
-8080
-22990
-30533
18498
-11322
20806
-21390
11542
24615
16853
-17719
-9244
-8968
-15241
-10663
-27069
-3175
-2971
-30865
8985
-28871
-21680
12103
3576
-32372
-13888
-8086
-23167
-27883
-2573
-8494
21270
2460
20809
-2596
-31848
-32441
-21874
-8786
14301
-22320
-14498
9499
-13946
-11670
-22583
-7362
25935
25413
-6972
11499
-16239
29490
8171
-19205
-25582
4316
-14789
-28104
-22384
-29523
11854
18465
20143
-15397
25946
7077
-31824
-10222
2206
8373
-3491
20389
-23277
31118
21873
-10479
7618
-12861
-26921
1411
21318
17297
29336
-10909
-7226
-22911
-10898
3518
3296
-22255
-25094
-6649
21718
-20644
51
-24490
23896
17475
4217
-7237
-646
25356
26545
-106
1915
26850
5151
18074
10577
-1989
-18365
6723
-20692
-19824
23724
-24533
9541
-4108
7380
15564
-12892
-29952
21988
-8565
10574
25934
-14805
32630
21912
19093
10264
2862
-7426
21118
6248
18458
31960
18891
23129
-943
24494
-10889
-19312
-370
-30723
21468
-15450
11633
19259
11917
9880
-17214
-1481
28601
-16967
-19064
-14911
18076
-11049
6755
-20708
-27036
-12523
-17637
26816
28632
-30679
6137
-29896
-4922
1414
22304
8194
-16043
26522
17518
4107
26028
-8646
-10634
7789
-27073
-8159
-20488
20351
14631
11447
27131
21034
3193
-31749
-26563
967
29654
22483
28509
31026
-8354
-11737
18563
-18860
30091
28196
-8800
-10164
12628
14195
19683
6139
-26400
3900
-29944
16884
10463
6518
-17892
14006
14713
-10209
-30622
22519
17714
632
13564
19082
-11097
27111
5027
-13900
-15279
25571
-8775
-22937
29251
9885
31602
-20065
21544
-406
5949
-29826
4224
8752
-125
-28861
994
-29282
22520
6204
12519
9649
8090
29744
-21172
-1645
22440
-199
17197
-20980
12558
27160
-22108
-4712
-30025
-17973
10889
24336
-10176
-30982
26561
-1896
26900
-11274
12524
-31625
809
-11022
-10741
29710
16417
-10884
8705
-5535
5013
30114
7592
-22900
22169
14822
-25635
-22194
-13303
-5008
1862
-14739
21493
19188
-14828
7582
-26113
11139
-10001
11108
-13415
11825
-6962
-7090
-19204
14714
20926
27949
925
-20110
6744
-19780
-5873
23139
-4648
27896
-8318
12992
5808
-26158
-5741
27834
-29127
-7599
-16997
-17838
-9364
27794
164
19873
-9813
-2708
29563
-24053
-28160
13506
28292
-25631
9942
-23196
12712
8232
-29903
19525
31864
-4145
-10175
-29569
-18009
5309
6644
-16219
10115
-28830
28869
-26704
-10880
9899
256
2027
-7922
17623
-14253
9783
27668
-11097
20542
18850
-24620
-22453
-5571
12277
10335
11795
-32153
-24339
17295
22408
16184
29132
27506
-18149
640
18857
1471
7693
3817
15138
-28613
-473
-17700
-10657
3384
15970
-5747
499
-24316
-18689
-13577
-3279
-17021
-15515
25663
5645
28749
7738
-16337
-26048
3039
-3759
12551
17003
-6592
4418
-19295
29067
839
-14664
-17751
29683
12414
13623
10284
18282
5274
212
24821
-7016
-16867
-14311
26527
13283
23138
-7951
8718
-30700
27527
-1983
1304
17453
-10734
8257
-11344
-12379
9573
-4346
-26025
-17292
30919
13035
10450
-11397
-31469
4618
-30387
-15418
-20273
-3323
17607
8384
-12144
-13629
-27641
-21499
14502
-26906
27382
-4609
-27543
4728
21743
-10003
18343
13654
5960
-8061
-6958
-4698
-5045
-18421
-212
-30155
4248
-29547
24398
23595
-10600
31066
29804
32022
-22432
-32577
-16503
-10074
-17476
16770
-17962
-3379
-15765
-10106
26408
-31936
-24103
-7336
22323
-18791
28524
30789
-8175
31776
-24767
17102
5201
7940
-662
-18321
-23322
8859
19819
11118
-1861
29129
5995
-17908
12048
-11754
16313
32646
-15091
28303
12870
-26525
-16655
28486
-1325
25069
18304
-31570
17745
12176
24095
5276
8264
-25484
-18763
-30384
-3634
-11365
-13940
-233
-20860
28429
28848
5994
-32715
26411
11986
-27928
32531
-12160
20265
-2526
5711
-1468
3438
-21278
5718
-22623
-3575
2466
-2497
21896
32517
30949
16117
-19664
-30387
-20408
5082
8406
-8862
8949
25644
-16153
-14001
-24549
1873
21022
-13122
18853
-4128
3312
31858
12437
30811
-26479
26089
-28938
-24686
8567
-8513
-11825
19379
-12995
7043
-2492
-13593
21785
4622
-28147
-15315
-21570
3952
-19524
-500
15032
29819
17195
-27521
28721
31095
7020
29982
-11098
26294
-32744
-1096
-23103
-12125
-21537
6089
10329
-9898
-29249
-29677
-29107
-28081
-31741
31043
15388
16540
-30585
-25061
-15643
25779
30937
32380
-10041
-13612
-20497
15935
14288
-20389
-4329
-29780
10189
18418
23783
18701
-4359
-9973
-29138
20935
-25819
-32370
-14743
29017
11420
-7493
23393
11457
7084
-3970
30231
21162
-32080
-23487
-1127
5283
-13567
-4006
-6667
-23770
29672
-9172
22084
-30059
-4992
-27811
-12202
29228
23233
-21395
2352
-13442
26403
-27434
18840
-21338
14417
-17563
-19193
-18604
31239
-7743
8866
-29716
-17559
24566
-2612
-32567
-2298
21238
24372
-13037
-17301
21730
-4079
464
-20613
-22839
26660
32293
-7204
21418
29757
25811
22348
12012
-21509
-17200
-4307
-31126
-15162
31468
-12275
4702
7318
26315
-6813
12633
-19367
-28649
8021
12322
-13318
4690
-12044
20283
-8815
13028
8744
30447
-19609
6434
-27282
2911
22685
-30101
-11183
13720
23613
59
32425
-4677
-15247
-1773
-22227
-22354
-15182
16851
7155
30601
17912
4775
-3262
-13955
16540
-26584
-25770
15394
-9529
5284
-13182
14004
-9143
14317
32462
-27283
-2084
-26621
14757
27004
-27105
1308
3449
12134
-13130
6677
-19759
10273
13000
-2642
-22436
-5126
6295
-11644
21675
-24728
-16307
28679
10172
16575
20372
-29594
-5590
14778
-23656
8687
-16592
22280
22064
-3075
-6897
30251
-32232
-6656
-801
7742
-28180
-23417
10107
-18460
-24961
-29941
-21918
728
24069
17450
-23924
-28513
11301
-1166
-300
-12224
-11567
26811
-3255
16295
-20627
-27203
-19200
3861
10597
28784
-30130
-22042
-4055
-11425
-26874
20337
-6583
10179
4381
-32563
9919
-11987
-15340
-2592
8071
19782
4008
-31142
19237
-14871
21162
12357
6809
-7409
-28473
32676
10554
-17749
-26722
-16975
26383
-18524
-1342
26819
-20068
-3409
7720
6174
10871
-15225
-4989
19616
28332
-1984
-12694
-3973
-12658
-14745
-23675
-21853
-397
-27094
27973
-23037
-22251
14269
11462
-9272
-26840
-32227
-8338
18894
-3455
-26239
20043
10450
-3122
2186
1748
8499
9605
-20196
19774
-19886
-5813
-17322
-14929
-32200
28068
1325
-2351
1542
-10695
-10985
32000
-1722
16178
11138
19372
-14907
-14161
14238
-20668
21870
-21649
29705
14585
-23970
23140
28291
4206
-6631
-3827
13217
-15726
-30898
29358
32517
18316
32073
-816
-24381
-2335
15898
11363
24509
16925
7679
-14758
-10723
22002
-7479
-27502
23959
-4235
-21491
-32486
9994
-8540
-8120
-3844
1057
-13100
-1421
-32359
-21533
-12874
16021
5301
13186
19966
23068
-25053
10306
16577
13247
6889
-30260
-19979
-11096
9361
-18520
-27728
31496
-19218
31670
7233
-16516
1177
13948
-15737
-25252
3255
-18422
-12309
31007
-12505
29245
-5861
-32091
-12447
-22596
32380
-3261
2963
-15576
25070
-26014
21205
-4773
27548
1836
24303
-9646
-6544
6417
26969
-24053
-30005
-6486
6272
27504
-13515
2952
18460
-11312
-26525
-3822
-30862
11494
-25455
-19684
1977
8346
-8284
6977
22701
13235
-7021
4710
-16399
14899
-10268
-27615
-12961
-13081
-31246
-21226
23653
10220
23366
-15012
25949
-19085
30420
-5612
-17723
20865
-9146
100
16232
21748
-6916
-26435
-15375
19133
28630
4473
28706
6373
31978
17193
-20603
1099
9185
24180
6561
32746
-24302
-13542
-1515
-24276
-17818
-20901
11273
-11417
19044
3016
-17658
12240
-29551
4758
32359
-8980
3848
28002
-15737
21789
-21291
24893
-14442
22903
20101
-20373
31363
-16140
18255
20368
-134
27245
-26150
-23867
23483
-31546
14964
20752
-25151
-750
-9998
17950
-14071
21260
-21426
23832
27922
-20244
-29468
3175
-32144
21520
26774
13454
-16821
5848
28764
25920
6962
19161
22031
3941
-32722
-16300
-4460
-4545
24591
-28335
-10492
-21164
-16644
14930
-13880
-17214
-23615
-18302
20811
-7980
10847
28561
-4818
6892
30775
-8870
10777
-12140
25278
-13399
-13411
26679
-466
-19193
-31076
-21613
-12954
30241
18590
11355
22330
-5187
13352
-1226
21009
-4103
23591
-32185
32508
-14732
-30571
-22800
-1337
25483
-14194
18621
-21601
15158
-16605
-27404
23128
12226
30023
31789
2276
26606
-1530
25537
-31205
-24332
15771
-7142
-6971
6675
-31203
-7362
-29049
12424
1336
-27782
-6143
-4574
10441
-18456
-27454
-2119
14986
7470
26254
-16202
-18344
-17314
20325
13265
24806
13829
10557
-3960
4115
32133
29971
-10694
-22580
-5434
3570
-30818
24032
25848
-184
-19052
14523
13089
-2572
-21588
19292
25461
-23428
28814
-32751
-4010
-32036
-17399
13565
12725
-15393
-11366
-26658
-30042
16992
-11477
1430
29615
11074
-1762
9789
10855
-17685
19981
183
-4323
13699
3622
-16056
-27840
5839
11419
5768
2209
-1795
-11547
-4523
17360
32536
-15400
19141
-23946
-30439
-3018
4127
-17637
-23281
11606
-9564
686
12760
6245
400
18114
12137
-11830
21767
10540
5706
-31518
22082
-25297
22310
-10650
-4625
19253
-23490
7085
28222
8942
-29637
12999
-15918
12511
-8967
2745
-18210
26574
-8288
-27603
-30741
8317
28639
-11801
16068
-13833
-24618
923
-7372
31366
-13643
6052
4676
7593
3992
-14427
-22816
15271
-30166
19767
-6133
21628
30870
-5080
-29235
18811
8525
578
4436
-12505
16196
-10705
25124
-10902
19400
19974
-29476
-6389
30487
-5611
-11107
8937
23464
18893
2517
15838
15710
-3618
22964
-358
29370
19516
-24049
-17186
-24398
2236
-29052
-2059
31633
11942
24307
-248
-13916
-20774
30226
16794
29514
11224
-20575
-13773
-28953
-29880
-14447
-21596
11606
26373
-9700
-26204
19202
-2069
12278
11998
-5149
10443
8744
1648
-20232
780
16275
-5254
15563
12220
29866
-12589
-10335
-7403
-31053
8752
4276
-8814
-5147
-2477
-12161
-17979
-25170
-23988
29263
-496
16267
-12391
-32263
7577
-9334
9754
22674
-26126
5787
5399
1429
-2975
30586
-20820
3892
8289
-30793
9324
22162
-6872
-4106
-27205
5333
24359
-19208
-26568
-20450
10999
15232
8586
-2084
-12166
9271
4065
10730
-24584
11405
11817
28188
21550
-21096
29441
-19686
-18502
-32210
-13066
-14780
5665
-6780
-20552
-7024
-22637
21778
-22954
11767
16390
-31792
-23446
-30759
20231
-29678
10891
-2881
19857
-9277
-31108
-18443
13823
3206
24228
15652
-26003
30896
15644
-31860
11739
-950
-30493
-25268
-27746
7066
-17468
-23461
1977
28200
7661
12445
-17405
-19212
-30319
10706
475
-931
23704
30508
17019
-16602
11552
16994
5649
21131
27973
9016
-31527
-20687
-31016
28508
-1018
19319
-2829
-380
-4868
25675
24529
8726
-13613
-13653
-16679
13392
17997
21145
20066
-16137
19694
8501
-17596
-7794
-3067
37
2659
-10149
-13669
13338
28448
6172
6101
15645
-8346
-3062
614
28096
-3225
9007
-2663
3524
-30066
19805
11240
-19639
-31812
17247
4424
10107
8830
15357
25384
10873
-24859
14007
-3459
9239
9758
11690
-28913
-18091
-21759
28084
998
11362
10997
-27429
-18018
-14143
27116
-17754
-16474
11553
9731
13348
22092
14896
-31494
5488
27583
-26760
3576
28233
-19697
1659
-24462
16301
-12146
-20501
31483
13948
21342
12007
12413
2023
-20391
-458
3902
21514
-19473
1818
20173
-9496
3130
14250
-19496
9421
-32762
864
4576
-32307
25721
21836
18033
18883
-8282
-22786
-9682
9509
28307
-26652
15649
-29146
16853
-2393
-29819
22415
-21973
-25227
-14971
-12164
6953
11630
31958
32326
16878
-14742
29754
-5827
-18571
8463
-31794
-29930
-20954
-19630
14376
-3744
22642
-7223
22122
16280
5496
-22245
1890
-2446
-7894
-26658
-15785
-10759
-8185
-23183
-12008
-14338
20980
-10349
24380
-15202
18051
7157
-31590
13206
-31736
12052
24766
-4469
8608
5639
-17864
18655
-13917
27812
-13207
2379
-10902
-17217
2965
-25711
-23779
-26580
-12394
20489
889
24017
31489
-11360
-18375
1194
-9633
23559
-15727
22526
5426
14379
-10255
-32160
-20156
484
-31179
3280
-14668
12861
24992
-31150
-10407
-5151
-27524
-27567
-28025
26237
30757
-7123
-12217
3494
19140
19550
23807
19527
-32350
27519
-31591
-30840
13858
2518
1611
147
-28464
-17692
-25098
32098
-28147
-28834
10589
-10220
-24346
8987
16154
20006
-15137
-4327
-6435
7087
17700
28910
-24152
-16009
-7975
32357
-10423
26185
-17204
-18350
32183
29564
9058
271
-9298
17593
18636
-30873
-29331
-11572
19640
8535
31641
-22397
7646
-12536
-27192
24696
5944
-12903
-21753
-10494
-28348
10059
-16759
16903
-13172
-5321
-29109
-30746
-20540
-15014
-28427
-10912
-29497
-26129
-28058
26510
-12334
6014
-8020
29594
15886
25369
6481
12428
-7136
-18136
-24166
-21464
28744
-30508
24875
1463
20201
-3435
-10057
16853
-9161
3710
25475
22293
-16775
-4219
21532
-22760
16905
24675
139
4605
23035
31762
19019
-9786
125
-16042
647
-27616
-29105
8847
7661
-27429
7178
2928
23326
9351
-14966
-25772
-28802
7988
13046
-14750
-5114
-8793
-27384
-28196
-24845
11656
-18420
-17218
-32202
14884
4000
3406
15876
21275
-6986
-23859
-19940
14438
11117
-28846
-7584
-574
17967
-23081
-948
-28060
18838
-6964
-17291
-27488
-27590
28012
-19352
29922
-10503
30144
-10280
-28612
7371
3645
26637
-19580
18854
-9980
30943
22024
13881
-18684
-31756
-19003
2390
-25660
23184
26926
-10897
-2022
-32578
-12392
-968
-15587
12000
26947
4620
-15383
28080
-28558
8277
29378
1074
29931
-14941
1769
26948
-18698
21416
-23703
-4080
24595
13390
-195
7183
-27667
-16945
-31078
22707
-31794
3304
-24925
5764
8009
16189
-12457
27296
18499
-26146
-14346
26706
-25488
18994
-26065
17560
10620
17898
28310
-21176
-31430
21865
-1757
-25648
-26932
-25223
-21760
30966
-14024
6490
23082
-16726
14888
-6502
-12412
10079
-7089
-24947
31361
1196
509
-11467
-19840
23783
-15213
2535
3373
30360
-15101
-15354
-12453
3755
-7983
-16662
11546
-15644
30244
-159
-4734
4443
7408
20119
24955
-22284
-26924
-12246
7035
-7947
27888
-29032
32376
10942
7678
-23076
-30868
4749
-30803
13863
-18741
-16044
30054
-20848
19560
-30144
-12507
30611
-15271
-24781
7037
9526
24538
26039
-29283
17007
23521
-1198
-27846
-26822
-19647
18238
-6077
21433
-23071
15264
-22945
22179
2973
30223
-27820
28432
-9213
-28382
30535
9795
-5202
6320
-10021
-18506
-30288
-22713
-8298
24695
-3857
9029
-7353
22098
17453
-24538
-26695
10507
-8017
-25704
8114
7969
26976
6955
-960
5029
31595
1217
-9915
31646
32244
25963
15832
10796
15294
-4200
-6578
-18488
25011
28971
29423
-25792
-28969
-22038
1801
-28197
-32103
-26760
7041
-29092
10361
4969
-27929
-16937
-9752
-24462
15690
-3560
-31614
11908
24958
-23605
20372
-16197
-31170
2014
28499
17651
-6242
14274
-1224
-3855
28991
5163
18587
14078
-23451
12643
-6970
-24395
9234
-163
-28575
1543
-12154
23258
-32177
-19491
24943
-18478
-11948
-10226
19666
4659
20528
-27120
-20176
8487
-28583
15923
6776
19559
-22243
15593
16845
24990
-4637
-20481
-12909
-11747
-3801
-9052
8231
28759
-13965
-16738
27581
27933
-12456
-27756
18408
-24199
-2524
-3921
6881
-24444
6491
-24109
-25209
-3862
-15001
29105
1091
-3585
-12544
-1992
18314
-21705
-31297
13679
6891
-5657
27182
-1495
27278
-203
28020
13346
12756
-32467
2636
-5704
8397
2853
-18612
3415
23773
-32444
-24570
18027
-31432
-23420
-11770
26526
7481
-31726
-12360
-20134
-14715
-31018
21669
17320
14494
21150
17337
-24867
-7580
-30938
-32683
-32309
-21772
-22909
1015
-5316
6148
-14616
6084
5580
-24799
-27617
-30667
-21747
1584
22372
-12687
-20240
-28500
29230
-16727
8218
-19223
-16925
15952
-22544
21179
-26609
31444
10041
-14148
24067
-30793
17101
25964
7791
14467
-2369
16966
-32300
-20088
-26775
-21762
28983
22900
-23771
10533
-30246
-23058
-20659
9526
23367
23159
-391
18408
-14768
30630
32147
-27234
-11155
-15185
-18617
17500
-8844
-22674
-21953
25780
29215
1145
-31564
-5288
-24767
29612
-15061
25798
25899
18057
26792
-31675
30100
-27836
-14081
-779
30839
4464
-14813
-24308
-22597
-15151
-4333
-6822
-4899
7497
-3486
-31980
-30522
-6634
31421
2803
27026
-11524
-13729
24836
18294
-6920
25056
-4871
-2203
-4920
-2935
12807
-26504
15300
-24247
-227
-15751
6007
-17851
29827
-28639
-20759
8142
-13670
-23777
-20386
29925
-13329
-17223
10496
-32486
-27645
-12479
-18090
12798
13122
23057
3871
4609
2026
23520
-3516
-7643
6249
-12777
-26142
-8393
-18209
9387
18131
-4585
7934
-14479
-1439
-12141
21441
15936
-23310
-28294
2106
15988
22003
14461
25403
-22095
-19580
25032
-2493
-20510
14738
25137
19530
22477
2493
-19032
1995
22499
-18655
14203
23768
-1883
-2588
29002
8411
20079
-6453
-11705
-7943
14350
-20115
-656
-24853
-23598
29307
8582
-4020
13616
1943
9989
18231
7734
137
-959
-25549
27299
-4416
-4784
-30849
683
30389
-14723
15952
-25113
17651
17414
2672
-21672
28188
-19123
-31473
6659
7037
-2041
6312
14645
-6022
6397
-4869
-24783
-9833
3064
-24438
-27427
-13798
11588
-2815
-51
-28936
-27944
-10625
-10743
31782
16493
9603
25091
779
-8113
25150
-16662
-22020
10394
-16016
-22439
-14640
-13192
-32381
-17783
11149
31566
-15981
7810
30922
-513
-13040
6363
2843
-24263
3422
-22999
-15824
1882
20537
14322
54
25820
29538
-2467
-13920
27942
-241
24729
-18793
-25271
-24621
4856
-2204
-8255
16686
-2910
13502
28148
21002
-30157
30552
25426
9095
-32050
31278
-7502
-6576
674
3384
30074
23292
-1527
24761
-7217
-29546
-12620
-11783
-2537
-778
13549
-8697
28930
-15192
16082
26809
5541
26641
-29053
3718
-32574
-22731
-6063
-17469
2314
-12347
13673
5706
-17092
-28570
-32547
-20377
-576
7633
-24722
-24050
-12178
-27010
-5977
-14266
8558
-18366
10109
-20089
-26568
27418
3817
-5397
-25530
3457
-25475
-17300
-23681
-11256
-10064
28099
25449
19008
-27888
-5256
-6768
-5706
31061
-17177
-25652
19663
-29831
30144
19769
30186
17416
7093
32050
4100
-269
-16185
-19925
-476
13821
31957
-10838
-18339
-10140
-26764
8625
-7983
25386
-4815
25610
-18073
19460
23480
-4778
5824
-26758
-16346
6145
1349
27135
10702
-23
8834
-27108
-30094
16486
-11550
-28410
27739
-29205
-28315
4819
-3985
-30974
-29511
-17134
-24425
8541
-1546
-25559
-4232
26338
4314
15115
31520
5781
207
2071
6966
17322
6594
14587
-4246
9603
-21188
24673
-16273
-9405
-12888
30655
-20166
-26354
12700
-26475
-19701
7016
13744
25594
6727
23754
11532
18678
2402
-32477
-19752
-4016
3820
-7528
9625
5615
17454
-21323
204
-7689
31274
28579
25738
-3701
16484
26831
-8302
-25147
1646
-10412
22898
-20563
-19088
1994
-27244
-16989
8818
-25489
7035
25543
-610
-12222
17180
29788
9561
-962
-4051
-20553
-3727
-779
23667
14186
7886
-26885
-25444
4954
-2513
2979
-30277
5196
8453
-1184
-22248
16671
19235
-13673
499
-17171
-20140
20231
-28398
-19932
31115
4921
5453
29493
-26212
24821
25654
-18741
-21827
9576
-20949
-25130
-8825
-6398
-26882
12043
3073
31848
-18825
27459
10824
15957
-7965
-1654
-25804
25152
-3598
11025
14956
-14048
6140
-8485
19375
-27949
32292
18090
-32285
25490
23863
12950
25231
-2252
-8418
-27327
32586
24237
-32763
11795
10150
-5779
-1549
-7322
-3142
-31014
-4896
-25834
-29943
3678
7293
15652
-15931
14828
13976
247
25741
18310
-337
17138
10947
31334
-25096
24204
4447
-24894
30824
22280
-28684
-14544
-5922
8311
27466
-5561
13861
30859
-4229
8872
26316
24352
-23415
-19622
7925
18024
-16593
-8556
-10414
-2858
-21573
16096
-26347
25577
-27388
18450
22851
-3219
6903
-9537
16980
5862
7312
22490
-2819
25087
-421
8051
4074
14527
3065
18641
-3516
26995
-27093
32698
14915
3828
-23408
22127
14762
-5415
-14865
-12143
5354
12410
23846
-18949
442
-4912
-17059
16877
19131
-7479
-11924
-1250
-14516
-22411
-6855
-14060
-16839
9340
29945
-20556
26838
4505
-20086
13385
9934
-11017
1414
-31145
-31308
19564
-25702
12374
18024
19103
13728
29264
-13237
32494
3568
10229
29186
-18046
31557
-21586
28905
29947
-21298
-29209
-15191
3015
18035
6800
-12052
-4368
22464
8266
-14906
953
25454
-21345
20976
-20893
-26394
-30716
-32101
30635
25430
-29512
11155
31236
-18333
-27259
-9249
15282
6694
-3187
27053
-32560
661
-23301
305
4471
9317
-19206
-10473
-11307
7534
5976
12316
-21860
9976
17605
-6831
-6798
12591
-17192
29418
-23871
755
-30053
-12294
-11680
29381
-19180
-698
-3626
21027
-31622
18908
2673
-29788
908
-3564
-566
10479
352
15851
29088
19617
-4081
-26849
28414
-7971
16969
19909
19938
6278
-11470
16276
-1542
1022
-1305
-4980
-21233
-14381
24751
24501
-682
6965
14266
-23591
5443
-19988
-28617
-28580
28827
1323
-22930
9607
5491
-12299
11282
-6747
-18382
-16986
-7446
-30572
-10045
3411
3830
-28389
5370
-1582
10613
18750
-20314
30245
2298
27166
9546
-22710
-29348
-31782
-19899
1816
-23090
-27975
3594
31541
-22095
-22505
-22042
-27624
14313
-3522
663
6891
25105
-24778
-13746
-28682
-23361
-28314
-20638
17608
26062
1197
22586
-17776
-4694
-8632
12848
29123
-18489
16581
1300
17044
24961
-17205
28816
-30989
4031
25589
-21824
-4899
-11345
4430
21429
-7099
7953
30484
21527
20539
29825
-20767
11169
15440
20942
11863
-11137
-30494
-24891
-14175
22167
26303
-3280
32017
-30554
23557
1872
31160
24722
-22195
-9609
-28966
-3662
-3860
-11357
27158
-357
13778
10790
21744
-15857
17645
-5861
-29120
24291
30953
-25102
545
16749
-25560
-30549
-3860
-24263
30907
28846
28385
31704
12651
13269
-8434
-28567
-3706
2817
2632
18762
6646
29295
8600
24827
-24728
20549
31300
-17613
27049
11558
14750
12176
19446
1942
16688
233
26676
-24667
23083
-21296
17312
-2665
6951
-8910
-6426
15078
29827
24825
7191
30655
8791
18171
26116
-17920
-26131
21513
-4950
14883
28623
-13334
-12308
3257
3446
9201
6334
-22205
-5380
-8582
-27508
-17281
32397
26824
19057
-23911
3299
-29240
11571
21121
26962
-23121
-12789
18342
-837
3223
24787
32001
-31513
-9744
2271
16241
30803
12789
-14859
29566
26717
-2790
15281
3817
32368
-7255
25014
25773
-7471
14913
27043
26485
-27430
-30583
4745
-32159
-19770
-31413
19154
-20262
29628
17710
20747
-4846
-13093
11816
23496
24366
26022
22517
-973
-751
-28486
-2819
6262
-25554
-10238
-15462
5255
-4234
-5564
-29215
-15749
-16766
13703
10410
-24957
-24299
-27658
15417
3680
21913
-25813
-15954
-29221
10260
-14586
13706
-24229
1573
-29761
-26129
-2036
13805
6642
-19339
7785
13052
-12135
19975
-21101
-16954
6208
24133
20884
5904
-32618
29133
19168
-6598
24474
11429
-16884
-21729
23667
-11361
-11459
-6542
17269
-22016
12340
9392
21060
-7960
-25434
23559
13971
4916
15803
16625
3610
19721
11164
2301
12185
29831
8372
20915
-20384
16481
-18247
-5476
19063
-6556
-29812
-19592
-29959
9120
-16269
-5250
-21507
25196
-10419
-19325
19358
-31164
-30161
1954
28401
6699
6631
9428
27652
-18399
25225
-29568
20450
-30632
-5568
6204
-19871
19405
-18941
-21338
7461
28905
10588
-18684
27105
-7851
-30475
-17869
26666
24182
5405
3984
-32697
-24454
-18701
21418
-7365
-11923
-15612
-13335
-4707
-20158
4422
10333
12162
-9585
29936
-16794
16271
-7194
22594
-8390
13606
-10115
24717
16419
-4298
-6510
-8327
-3719
-7844
-28003
-3914
6981
-12794
-6118
-26148
-1515
-13605
-31701
25193
-18985
12035
-22650
31085
174
25651
14843
-185
7026
-9877
1718
19459
-14832
-13587
-9952
24640
-26652
-19223
-12926
-9731
14860
25318
-29365
-27620
-31819
-20097
-31045
-2047
-16818
27520
14145
-744
-27651
1970
10882
7059
-5272
-25507
20750
-16430
602
19932
644
-12930
23719
-29007
15123
26272
-2356
-2008
